5.000000e-01 -1.443290e-15 4.296478e+01 1.976556e+01
1.000000e+00 1.665335e-15 2.621360e+01 2.344366e+01
1.500000e+00 -1.110223e-15 1.735096e+01 2.150184e+01
2.000000e+00 -2.220446e-16 1.741250e+01 1.897991e+01
2.500000e+00 -1.720846e-15 1.373070e+01 1.716003e+01
3.000000e+00 -1.110223e-16 1.340539e+01 1.487134e+01
3.500000e+00 2.220446e-16 1.140614e+01 1.404864e+01
4.000000e+00 4.440892e-16 1.096621e+01 1.268693e+01
4.500000e+00 1.998401e-15 1.019851e+01 1.240709e+01
5.000000e+00 6.106227e-16 9.824670e+00 1.148392e+01
5.500000e+00 -1.276756e-15 9.736153e+00 1.127368e+01
6.000000e+00 -7.771561e-16 9.497821e+00 1.071130e+01
6.500000e+00 1.110223e-16 9.682332e+00 1.067972e+01
7.000000e+00 3.330669e-16 9.578786e+00 1.051698e+01
7.500000e+00 1.665335e-15 9.827153e+00 1.064239e+01
8.000000e+00 -2.775558e-16 9.820626e+00 1.068582e+01
8.500000e+00 -4.440892e-16 1.004181e+01 1.082968e+01
9.000000e+00 -7.216450e-16 1.008950e+01 1.089544e+01
9.500000e+00 1.887379e-15 1.025580e+01 1.098356e+01
1.000000e+01 -1.387779e-15 1.032985e+01 1.101868e+01
1.050000e+01 -5.551115e-17 1.045161e+01 1.105876e+01
1.100000e+01 -1.110223e-15 1.054660e+01 1.109497e+01
1.150000e+01 6.661338e-16 1.065196e+01 1.113459e+01
1.200000e+01 -1.665335e-16 1.077423e+01 1.122078e+01
1.250000e+01 1.054712e-15 1.088829e+01 1.130100e+01
1.300000e+01 -3.330669e-16 1.104011e+01 1.145744e+01
1.350000e+01 -2.220446e-16 1.117823e+01 1.158546e+01
1.400000e+01 -6.661338e-16 1.135785e+01 1.179620e+01
1.450000e+01 1.665335e-16 1.152288e+01 1.195516e+01
1.500000e+01 -1.165734e-15 1.172343e+01 1.219393e+01
1.550000e+01 -4.996004e-16 1.191070e+01 1.236735e+01
1.600000e+01 5.551115e-16 1.212097e+01 1.261657e+01
1.650000e+01 1.665335e-16 1.232157e+01 1.279437e+01
1.700000e+01 -7.771561e-16 1.252765e+01 1.304227e+01
1.750000e+01 1.221245e-15 1.273043e+01 1.321553e+01
1.800000e+01 -9.436896e-16 1.291986e+01 1.345113e+01
1.850000e+01 -2.442491e-15 1.311390e+01 1.361103e+01
1.900000e+01 -8.326673e-16 1.327901e+01 1.382544e+01
1.950000e+01 -1.498801e-15 1.345628e+01 1.396613e+01
2.000000e+01 -3.330669e-16 1.359512e+01 1.415474e+01
2.050000e+01 -1.276756e-15 1.375166e+01 1.427447e+01
2.100000e+01 -3.330669e-16 1.386629e+01 1.443673e+01
2.150000e+01 -8.326673e-16 1.400149e+01 1.453702e+01
2.200000e+01 8.326673e-16 1.409554e+01 1.467478e+01
2.250000e+01 -1.276756e-15 1.421088e+01 1.475848e+01
2.300000e+01 1.110223e-16 1.428815e+01 1.487459e+01
2.350000e+01 -4.996004e-16 1.438600e+01 1.494469e+01
2.400000e+01 5.551115e-17 1.444978e+01 1.504217e+01
2.450000e+01 1.332268e-15 1.453261e+01 1.510116e+01
2.500000e+01 -1.665335e-16 1.458540e+01 1.518281e+01
2.550000e+01 -5.551115e-17 1.465551e+01 1.523259e+01
2.600000e+01 -1.609823e-15 1.469922e+01 1.530083e+01
2.650000e+01 -6.106227e-16 1.475852e+01 1.534283e+01
2.700000e+01 -5.551115e-16 1.479466e+01 1.539975e+01
2.750000e+01 1.554312e-15 1.484473e+01 1.543511e+01
2.800000e+01 -8.881784e-16 1.487454e+01 1.548245e+01
2.850000e+01 1.221245e-15 1.491672e+01 1.551213e+01
2.900000e+01 5.551115e-17 1.494125e+01 1.555143e+01
2.950000e+01 5.551115e-17 1.497668e+01 1.557624e+01
3.000000e+01 -4.996004e-16 1.499684e+01 1.560881e+01
3.050000e+01 1.498801e-15 1.502651e+01 1.562949e+01
3.100000e+01 -8.881784e-16 1.504305e+01 1.565644e+01
3.150000e+01 -6.106227e-16 1.506784e+01 1.567365e+01
3.200000e+01 -2.775558e-16 1.508141e+01 1.569592e+01
3.250000e+01 3.885781e-16 1.510207e+01 1.571021e+01
3.300000e+01 -5.551115e-16 1.511320e+01 1.572861e+01
3.350000e+01 -1.998401e-15 1.513039e+01 1.574047e+01
3.400000e+01 -1.110223e-16 1.513952e+01 1.575565e+01
3.450000e+01 6.661338e-16 1.515381e+01 1.576550e+01
3.500000e+01 -6.661338e-16 1.516132e+01 1.577803e+01
3.550000e+01 -6.106227e-16 1.517317e+01 1.578620e+01
3.600000e+01 -6.106227e-16 1.517935e+01 1.579654e+01
3.650000e+01 -1.110223e-15 1.518918e+01 1.580332e+01
3.700000e+01 1.887379e-15 1.519427e+01 1.581186e+01
3.750000e+01 7.771561e-16 1.520243e+01 1.581748e+01
3.800000e+01 -9.992007e-16 1.520662e+01 1.582452e+01
3.850000e+01 3.885781e-16 1.521338e+01 1.582919e+01
3.900000e+01 0.000000e+00 1.521683e+01 1.583500e+01
3.950000e+01 -1.165734e-15 1.522243e+01 1.583887e+01
4.000000e+01 1.221245e-15 1.522528e+01 1.584367e+01
4.050000e+01 1.998401e-15 1.522992e+01 1.584687e+01
4.100000e+01 1.665335e-16 1.523226e+01 1.585083e+01
4.150000e+01 -6.106227e-16 1.523611e+01 1.585349e+01
4.200000e+01 5.551115e-17 1.523804e+01 1.585676e+01
4.250000e+01 1.276756e-15 1.524122e+01 1.585896e+01
4.300000e+01 2.220446e-16 1.524282e+01 1.586166e+01
4.350000e+01 8.881784e-16 1.524545e+01 1.586348e+01
4.400000e+01 -3.885781e-16 1.524676e+01 1.586571e+01
4.450000e+01 5.551115e-17 1.524895e+01 1.586721e+01
4.500000e+01 5.551115e-16 1.525003e+01 1.586905e+01
4.550000e+01 -1.110223e-15 1.525183e+01 1.587030e+01
4.600000e+01 -1.054712e-15 1.525273e+01 1.587182e+01
4.650000e+01 1.110223e-16 1.525422e+01 1.587285e+01
4.700000e+01 2.775558e-16 1.525496e+01 1.587411e+01
4.750000e+01 1.221245e-15 1.525619e+01 1.587496e+01
4.800000e+01 2.775558e-16 1.525680e+01 1.587600e+01
4.850000e+01 -9.992007e-16 1.525782e+01 1.587670e+01
4.900000e+01 3.885781e-16 1.525833e+01 1.587756e+01
4.950000e+01 2.220446e-16 1.525917e+01 1.587815e+01
5.000000e+01 8.326673e-16 1.525959e+01 1.587885e+01
