1.000000e-02 6.938894e-18 9.330188e+01 1.597927e+01
2.000000e-02 1.249001e-16 7.879747e+01 1.403901e+01
3.000000e-02 8.326673e-17 6.708804e+01 1.247237e+01
4.000000e-02 -8.326673e-17 5.760426e+01 1.119601e+01
5.000000e-02 -1.387779e-16 4.990162e+01 1.014655e+01
6.000000e-02 2.220446e-16 4.362732e+01 9.274999e+00
7.000000e-02 -1.110223e-16 3.849891e+01 8.543685e+00
8.000000e-02 -1.665335e-16 3.428956e+01 7.923933e+00
9.000000e-02 -4.440892e-16 3.081708e+01 7.393931e+00
1.000000e-01 5.551115e-17 2.793537e+01 6.937083e+00
1.100000e-01 -1.110223e-16 2.552768e+01 6.540640e+00
1.200000e-01 -5.551115e-17 2.350097e+01 6.194718e+00
1.300000e-01 -1.665335e-16 2.178130e+01 5.891538e+00
1.400000e-01 -1.665335e-16 2.030999e+01 5.624823e+00
1.500000e-01 3.330669e-16 1.904058e+01 5.389575e+00
1.600000e-01 -5.551115e-17 1.793627e+01 5.181725e+00
1.700000e-01 1.665335e-16 1.696783e+01 4.997832e+00
1.800000e-01 5.551115e-17 1.611196e+01 4.834978e+00
1.900000e-01 -7.216450e-16 1.535010e+01 4.690677e+00
2.000000e-01 1.110223e-16 1.466734e+01 4.562717e+00
2.100000e-01 -3.885781e-16 1.405171e+01 4.449343e+00
2.200000e-01 2.775558e-16 1.349346e+01 4.348914e+00
2.300000e-01 -2.220446e-16 1.298462e+01 4.259971e+00
2.400000e-01 2.775558e-16 1.251867e+01 4.181228e+00
2.500000e-01 0.000000e+00 1.209017e+01 4.111546e+00
2.600000e-01 -5.551115e-17 1.169459e+01 4.049911e+00
2.700000e-01 -3.330669e-16 1.132815e+01 3.995429e+00
2.800000e-01 4.440892e-16 1.098761e+01 3.947302e+00
2.900000e-01 -1.110223e-16 1.067023e+01 3.904844e+00
3.000000e-01 -2.220446e-16 1.037365e+01 3.867390e+00
3.100000e-01 4.440892e-16 1.009581e+01 3.834377e+00
3.200000e-01 2.220446e-16 9.834960e+00 3.805355e+00
3.300000e-01 3.330669e-16 9.589547e+00 3.779899e+00
3.400000e-01 -5.551115e-16 9.358208e+00 3.757631e+00
3.500000e-01 5.551115e-17 9.139731e+00 3.738191e+00
3.600000e-01 0.000000e+00 8.933041e+00 3.721269e+00
3.700000e-01 -3.330669e-16 8.737207e+00 3.706632e+00
3.800000e-01 -8.326673e-16 8.551371e+00 3.694006e+00
3.900000e-01 -3.885781e-16 8.374797e+00 3.683196e+00
4.000000e-01 0.000000e+00 8.206805e+00 3.674000e+00
4.100000e-01 0.000000e+00 8.046795e+00 3.666248e+00
4.200000e-01 4.440892e-16 7.894220e+00 3.659778e+00
4.300000e-01 0.000000e+00 7.748581e+00 3.654449e+00
4.400000e-01 -1.665335e-16 7.609413e+00 3.650112e+00
4.500000e-01 -1.110223e-16 7.476320e+00 3.646665e+00
4.600000e-01 -2.220446e-16 7.348930e+00 3.643998e+00
4.700000e-01 4.996004e-16 7.226901e+00 3.642021e+00
4.800000e-01 1.110223e-16 7.109925e+00 3.640658e+00
4.900000e-01 3.885781e-16 6.997716e+00 3.639836e+00
5.000000e-01 2.220446e-16 6.890012e+00 3.639465e+00
5.100000e-01 2.775558e-16 6.786583e+00 3.639502e+00
5.200000e-01 5.551115e-17 6.687194e+00 3.639886e+00
5.300000e-01 -1.054712e-15 6.591631e+00 3.640565e+00
5.400000e-01 1.110223e-15 6.499728e+00 3.641496e+00
5.500000e-01 -1.110223e-16 6.411314e+00 3.642636e+00
5.600000e-01 5.551115e-17 6.326235e+00 3.643948e+00
5.700000e-01 -1.665335e-16 6.244350e+00 3.645392e+00
5.800000e-01 5.551115e-16 6.165516e+00 3.646936e+00
5.900000e-01 5.551115e-17 6.089607e+00 3.648555e+00
6.000000e-01 6.106227e-16 6.016510e+00 3.650221e+00
6.100000e-01 -4.440892e-16 5.946115e+00 3.651911e+00
6.200000e-01 -5.551115e-17 5.878327e+00 3.653616e+00
6.300000e-01 7.771561e-16 5.813050e+00 3.655323e+00
6.400000e-01 6.106227e-16 5.750182e+00 3.656998e+00
6.500000e-01 -3.330669e-16 5.689646e+00 3.658641e+00
6.600000e-01 -5.551115e-17 5.631364e+00 3.660242e+00
6.700000e-01 -5.551115e-17 5.575245e+00 3.661773e+00
6.800000e-01 4.440892e-16 5.521201e+00 3.663218e+00
6.900000e-01 2.220446e-16 5.469180e+00 3.664576e+00
7.000000e-01 6.106227e-16 5.419119e+00 3.665846e+00
7.100000e-01 1.110223e-16 5.370947e+00 3.667014e+00
7.200000e-01 -1.665335e-16 5.324616e+00 3.668083e+00
7.300000e-01 -3.885781e-16 5.280069e+00 3.669046e+00
7.400000e-01 -5.551115e-16 5.237248e+00 3.669894e+00
7.500000e-01 1.665335e-16 5.196097e+00 3.670620e+00
7.600000e-01 2.775558e-16 5.156558e+00 3.671226e+00
7.700000e-01 -1.665335e-16 5.118573e+00 3.671700e+00
7.800000e-01 2.775558e-16 5.082095e+00 3.672044e+00
7.900000e-01 8.881784e-16 5.047077e+00 3.672255e+00
8.000000e-01 1.110223e-16 5.013463e+00 3.672331e+00
8.100000e-01 -9.436896e-16 4.981212e+00 3.672273e+00
8.200000e-01 3.330669e-16 4.950244e+00 3.672059e+00
8.300000e-01 3.330669e-16 4.920540e+00 3.671706e+00
8.400000e-01 3.330669e-16 4.892051e+00 3.671211e+00
8.500000e-01 4.440892e-16 4.864739e+00 3.670576e+00
8.600000e-01 3.885781e-16 4.838564e+00 3.669804e+00
8.700000e-01 1.665335e-16 4.813485e+00 3.668894e+00
8.800000e-01 -1.665335e-16 4.789456e+00 3.667846e+00
8.900000e-01 0.000000e+00 4.766437e+00 3.666656e+00
9.000000e-01 0.000000e+00 4.744388e+00 3.665327e+00
9.100000e-01 3.330669e-16 4.723267e+00 3.663854e+00
9.200000e-01 -2.775558e-16 4.703036e+00 3.662240e+00
9.300000e-01 -2.220446e-16 4.683663e+00 3.660489e+00
9.400000e-01 -4.996004e-16 4.665103e+00 3.658601e+00
9.500000e-01 -3.885781e-16 4.647309e+00 3.656563e+00
9.600000e-01 1.665335e-16 4.630253e+00 3.654381e+00
9.700000e-01 6.661338e-16 4.613897e+00 3.652050e+00
9.800000e-01 3.330669e-16 4.598218e+00 3.649577e+00
9.900000e-01 4.440892e-16 4.583191e+00 3.646973e+00
1.000000e+00 -6.661338e-16 4.568777e+00 3.644229e+00
1.010000e+00 5.551115e-16 4.554950e+00 3.641349e+00
1.020000e+00 -5.551115e-16 4.541689e+00 3.638332e+00
1.030000e+00 -1.665335e-16 4.528965e+00 3.635181e+00
1.040000e+00 4.440892e-16 4.516752e+00 3.631899e+00
1.050000e+00 -1.165734e-15 4.505026e+00 3.628488e+00
1.060000e+00 1.110223e-16 4.493755e+00 3.624943e+00
1.070000e+00 -1.665335e-16 4.482920e+00 3.621271e+00
1.080000e+00 -8.326673e-16 4.472487e+00 3.617463e+00
1.090000e+00 3.330669e-16 4.462434e+00 3.613521e+00
1.100000e+00 -3.330669e-16 4.452743e+00 3.609445e+00
1.110000e+00 4.996004e-16 4.443408e+00 3.605248e+00
1.120000e+00 1.110223e-16 4.434406e+00 3.600927e+00
1.130000e+00 5.551115e-17 4.425720e+00 3.596486e+00
1.140000e+00 -7.216450e-16 4.417328e+00 3.591920e+00
1.150000e+00 -4.440892e-16 4.409217e+00 3.587228e+00
1.160000e+00 -5.551115e-16 4.401375e+00 3.582418e+00
1.170000e+00 -1.665335e-16 4.393785e+00 3.577490e+00
1.180000e+00 -8.326673e-16 4.386431e+00 3.572446e+00
1.190000e+00 7.216450e-16 4.379294e+00 3.567284e+00
1.200000e+00 4.440892e-16 4.372359e+00 3.562002e+00
1.210000e+00 6.106227e-16 4.365618e+00 3.556604e+00
1.220000e+00 6.661338e-16 4.359045e+00 3.551085e+00
1.230000e+00 -2.775558e-16 4.352643e+00 3.545455e+00
1.240000e+00 -6.106227e-16 4.346406e+00 3.539720e+00
1.250000e+00 -1.110223e-16 4.340328e+00 3.533879e+00
1.260000e+00 -3.330669e-16 4.334393e+00 3.527932e+00
1.270000e+00 2.220446e-16 4.328599e+00 3.521886e+00
1.280000e+00 5.551115e-16 4.322937e+00 3.515741e+00
1.290000e+00 8.881784e-16 4.317399e+00 3.509495e+00
1.300000e+00 -1.110223e-16 4.311975e+00 3.503152e+00
1.310000e+00 -1.110223e-16 4.306655e+00 3.496712e+00
1.320000e+00 -3.330669e-16 4.301438e+00 3.490181e+00
1.330000e+00 -3.885781e-16 4.296313e+00 3.483559e+00
1.340000e+00 9.992007e-16 4.291274e+00 3.476848e+00
1.350000e+00 1.665335e-16 4.286301e+00 3.470040e+00
1.360000e+00 8.326673e-16 4.281394e+00 3.463143e+00
1.370000e+00 -3.330669e-16 4.276556e+00 3.456163e+00
1.380000e+00 1.665335e-16 4.271777e+00 3.449100e+00
1.390000e+00 -7.216450e-16 4.267053e+00 3.441956e+00
1.400000e+00 3.330669e-16 4.262378e+00 3.434732e+00
1.410000e+00 1.665335e-16 4.257755e+00 3.427434e+00
1.420000e+00 -5.551115e-17 4.253185e+00 3.420065e+00
1.430000e+00 5.551115e-17 4.248662e+00 3.412630e+00
1.440000e+00 -4.996004e-16 4.244181e+00 3.405129e+00
1.450000e+00 0.000000e+00 4.239740e+00 3.397565e+00
1.460000e+00 1.665335e-16 4.235333e+00 3.389939e+00
1.470000e+00 5.551115e-17 4.230956e+00 3.382255e+00
1.480000e+00 -1.332268e-15 4.226599e+00 3.374509e+00
1.490000e+00 5.551115e-17 4.222261e+00 3.366706e+00
1.500000e+00 3.885781e-16 4.217948e+00 3.358852e+00
1.510000e+00 7.771561e-16 4.213650e+00 3.350944e+00
1.520000e+00 7.771561e-16 4.209371e+00 3.342992e+00
1.530000e+00 -7.216450e-16 4.205102e+00 3.334993e+00
1.540000e+00 -3.885781e-16 4.200847e+00 3.326954e+00
1.550000e+00 -1.165734e-15 4.196606e+00 3.318876e+00
1.560000e+00 -1.110223e-16 4.192369e+00 3.310758e+00
1.570000e+00 -3.330669e-16 4.188138e+00 3.302606e+00
1.580000e+00 8.326673e-16 4.183908e+00 3.294418e+00
1.590000e+00 1.110223e-16 4.179681e+00 3.286203e+00
1.600000e+00 -1.665335e-16 4.175455e+00 3.277961e+00
1.610000e+00 -6.661338e-16 4.171230e+00 3.269697e+00
1.620000e+00 6.106227e-16 4.166992e+00 3.261405e+00
1.630000e+00 -1.165734e-15 4.162748e+00 3.253091e+00
1.640000e+00 7.216450e-16 4.158500e+00 3.244760e+00
1.650000e+00 -1.110223e-16 4.154245e+00 3.236414e+00
1.660000e+00 -3.885781e-16 4.149986e+00 3.228058e+00
1.670000e+00 2.775558e-16 4.145721e+00 3.219693e+00
1.680000e+00 -1.110223e-16 4.141449e+00 3.211321e+00
1.690000e+00 -5.551115e-16 4.137167e+00 3.202943e+00
1.700000e+00 -4.440892e-16 4.132871e+00 3.194558e+00
1.710000e+00 1.276756e-15 4.128565e+00 3.186174e+00
1.720000e+00 3.885781e-16 4.124246e+00 3.177790e+00
1.730000e+00 -4.996004e-16 4.119911e+00 3.169409e+00
1.740000e+00 -3.330669e-16 4.115559e+00 3.161033e+00
1.750000e+00 3.330669e-16 4.111193e+00 3.152664e+00
1.760000e+00 -6.106227e-16 4.106803e+00 3.144302e+00
1.770000e+00 5.551115e-17 4.102388e+00 3.135946e+00
1.780000e+00 5.551115e-17 4.097950e+00 3.127600e+00
1.790000e+00 1.665335e-16 4.093489e+00 3.119267e+00
1.800000e+00 -4.440892e-16 4.089010e+00 3.110951e+00
1.810000e+00 4.440892e-16 4.084511e+00 3.102654e+00
1.820000e+00 3.885781e-16 4.079992e+00 3.094376e+00
1.830000e+00 -1.110223e-16 4.075451e+00 3.086119e+00
1.840000e+00 -7.216450e-16 4.070892e+00 3.077884e+00
1.850000e+00 5.551115e-16 4.066312e+00 3.069672e+00
1.860000e+00 -7.216450e-16 4.061709e+00 3.061483e+00
1.870000e+00 1.110223e-16 4.057081e+00 3.053318e+00
1.880000e+00 -3.330669e-16 4.052431e+00 3.045182e+00
1.890000e+00 0.000000e+00 4.047757e+00 3.037074e+00
1.900000e+00 4.440892e-16 4.043059e+00 3.028996e+00
1.910000e+00 -5.551115e-17 4.038330e+00 3.020946e+00
1.920000e+00 -2.220446e-16 4.033571e+00 3.012924e+00
1.930000e+00 2.775558e-16 4.028785e+00 3.004935e+00
1.940000e+00 -8.326673e-16 4.023966e+00 2.996975e+00
1.950000e+00 -3.885781e-16 4.019123e+00 2.989052e+00
1.960000e+00 -1.110223e-15 4.014252e+00 2.981162e+00
1.970000e+00 -1.665335e-16 4.009353e+00 2.973308e+00
1.980000e+00 1.665335e-16 4.004428e+00 2.965491e+00
1.990000e+00 -6.106227e-16 3.999476e+00 2.957710e+00
2.000000e+00 -2.220446e-16 3.994499e+00 2.949965e+00
2.010000e+00 2.220446e-16 3.989496e+00 2.942259e+00
2.020000e+00 -4.440892e-16 3.984467e+00 2.934590e+00
2.030000e+00 -1.665335e-16 3.979411e+00 2.926960e+00
2.040000e+00 0.000000e+00 3.974326e+00 2.919369e+00
2.050000e+00 7.771561e-16 3.969215e+00 2.911816e+00
2.060000e+00 1.110223e-16 3.964077e+00 2.904304e+00
2.070000e+00 6.106227e-16 3.958911e+00 2.896830e+00
2.080000e+00 -7.216450e-16 3.953713e+00 2.889394e+00
2.090000e+00 -1.110223e-16 3.948485e+00 2.881998e+00
2.100000e+00 -6.106227e-16 3.943228e+00 2.874641e+00
2.110000e+00 -1.665335e-16 3.937944e+00 2.867325e+00
2.120000e+00 4.996004e-16 3.932630e+00 2.860049e+00
2.130000e+00 8.326673e-16 3.927288e+00 2.852814e+00
2.140000e+00 5.551115e-17 3.921918e+00 2.845620e+00
2.150000e+00 -3.330669e-16 3.916520e+00 2.838466e+00
2.160000e+00 4.440892e-16 3.911098e+00 2.831353e+00
2.170000e+00 3.330669e-16 3.905649e+00 2.824281e+00
2.180000e+00 0.000000e+00 3.900174e+00 2.817249e+00
2.190000e+00 -1.665335e-16 3.894674e+00 2.810259e+00
2.200000e+00 -4.440892e-16 3.889149e+00 2.803310e+00
2.210000e+00 6.661338e-16 3.883596e+00 2.796401e+00
2.220000e+00 -2.220446e-16 3.878019e+00 2.789532e+00
2.230000e+00 -5.551115e-16 3.872418e+00 2.782705e+00
2.240000e+00 -4.996004e-16 3.866790e+00 2.775917e+00
2.250000e+00 6.661338e-16 3.861135e+00 2.769168e+00
2.260000e+00 3.330669e-16 3.855456e+00 2.762458e+00
2.270000e+00 4.996004e-16 3.849747e+00 2.755786e+00
2.280000e+00 3.330669e-16 3.844014e+00 2.749153e+00
2.290000e+00 5.551115e-17 3.838258e+00 2.742559e+00
2.300000e+00 1.110223e-15 3.832477e+00 2.736004e+00
2.310000e+00 0.000000e+00 3.826671e+00 2.729487e+00
2.320000e+00 -6.106227e-16 3.820841e+00 2.723008e+00
2.330000e+00 2.775558e-16 3.814987e+00 2.716568e+00
2.340000e+00 -9.436896e-16 3.809112e+00 2.710165e+00
2.350000e+00 8.881784e-16 3.803215e+00 2.703801e+00
2.360000e+00 3.885781e-16 3.797295e+00 2.697473e+00
2.370000e+00 8.881784e-16 3.791353e+00 2.691181e+00
2.380000e+00 1.665335e-16 3.785390e+00 2.684928e+00
2.390000e+00 -1.110223e-16 3.779405e+00 2.678711e+00
2.400000e+00 -5.551115e-17 3.773399e+00 2.672531e+00
2.410000e+00 -1.110223e-15 3.767374e+00 2.666386e+00
2.420000e+00 1.110223e-16 3.761329e+00 2.660278e+00
2.430000e+00 7.771561e-16 3.755263e+00 2.654205e+00
2.440000e+00 4.996004e-16 3.749176e+00 2.648166e+00
2.450000e+00 -1.110223e-16 3.743070e+00 2.642163e+00
2.460000e+00 7.216450e-16 3.736943e+00 2.636193e+00
2.470000e+00 -5.551115e-16 3.730798e+00 2.630257e+00
2.480000e+00 -6.106227e-16 3.724636e+00 2.624355e+00
2.490000e+00 -6.661338e-16 3.718454e+00 2.618487e+00
2.500000e+00 -5.551115e-17 3.712254e+00 2.612652e+00
2.510000e+00 -9.436896e-16 3.706037e+00 2.606851e+00
2.520000e+00 -5.551115e-16 3.699803e+00 2.601083e+00
2.530000e+00 -1.110223e-16 3.693551e+00 2.595346e+00
2.540000e+00 7.771561e-16 3.687284e+00 2.589642e+00
2.550000e+00 4.440892e-16 3.680999e+00 2.583968e+00
2.560000e+00 3.885781e-16 3.674698e+00 2.578326e+00
2.570000e+00 -1.221245e-15 3.668382e+00 2.572716e+00
2.580000e+00 3.885781e-16 3.662051e+00 2.567137e+00
2.590000e+00 -1.665335e-16 3.655705e+00 2.561589e+00
2.600000e+00 -5.551115e-17 3.649346e+00 2.556072e+00
2.610000e+00 -9.436896e-16 3.642974e+00 2.550587e+00
2.620000e+00 -6.661338e-16 3.636586e+00 2.545130e+00
2.630000e+00 1.165734e-15 3.630185e+00 2.539703e+00
2.640000e+00 -7.216450e-16 3.623770e+00 2.534305e+00
2.650000e+00 1.110223e-16 3.617342e+00 2.528937e+00
2.660000e+00 -4.440892e-16 3.610901e+00 2.523596e+00
2.670000e+00 -6.661338e-16 3.604449e+00 2.518285e+00
2.680000e+00 5.551115e-17 3.597986e+00 2.513002e+00
2.690000e+00 4.996004e-16 3.591511e+00 2.507748e+00
2.700000e+00 -3.885781e-16 3.585025e+00 2.502521e+00
2.710000e+00 4.996004e-16 3.578528e+00 2.497323e+00
2.720000e+00 -2.775558e-16 3.572021e+00 2.492151e+00
2.730000e+00 4.440892e-16 3.565504e+00 2.487005e+00
2.740000e+00 1.554312e-15 3.558979e+00 2.481886e+00
2.750000e+00 6.661338e-16 3.552442e+00 2.476793e+00
2.760000e+00 -4.440892e-16 3.545898e+00 2.471726e+00
2.770000e+00 -4.440892e-16 3.539345e+00 2.466686e+00
2.780000e+00 -5.551115e-17 3.532784e+00 2.461672e+00
2.790000e+00 -3.330669e-16 3.526215e+00 2.456683e+00
2.800000e+00 1.332268e-15 3.519639e+00 2.451721e+00
2.810000e+00 -4.440892e-16 3.513056e+00 2.446784e+00
2.820000e+00 5.551115e-17 3.506466e+00 2.441871e+00
2.830000e+00 -1.276756e-15 3.499870e+00 2.436984e+00
2.840000e+00 2.220446e-16 3.493267e+00 2.432121e+00
2.850000e+00 -4.440892e-16 3.486656e+00 2.427282e+00
2.860000e+00 -5.551115e-16 3.480041e+00 2.422466e+00
2.870000e+00 -2.220446e-16 3.473421e+00 2.417675e+00
2.880000e+00 -1.054712e-15 3.466796e+00 2.412908e+00
2.890000e+00 -1.665335e-16 3.460166e+00 2.408164e+00
2.900000e+00 8.326673e-16 3.453532e+00 2.403443e+00
2.910000e+00 2.775558e-16 3.446895e+00 2.398745e+00
2.920000e+00 -1.665335e-16 3.440254e+00 2.394070e+00
2.930000e+00 3.885781e-16 3.433608e+00 2.389416e+00
2.940000e+00 2.775558e-16 3.426960e+00 2.384785e+00
2.950000e+00 5.551115e-16 3.420310e+00 2.380175e+00
2.960000e+00 -1.110223e-16 3.413657e+00 2.375586e+00
2.970000e+00 -3.885781e-16 3.407003e+00 2.371019e+00
2.980000e+00 -2.220446e-16 3.400347e+00 2.366473e+00
2.990000e+00 1.665335e-16 3.393688e+00 2.361949e+00
3.000000e+00 3.885781e-16 3.387029e+00 2.357445e+00
3.010000e+00 2.220446e-16 3.380370e+00 2.352962e+00
3.020000e+00 -6.661338e-16 3.373709e+00 2.348501e+00
3.030000e+00 3.330669e-16 3.367049e+00 2.344060e+00
3.040000e+00 5.551115e-16 3.360390e+00 2.339640e+00
3.050000e+00 -3.330669e-16 3.353730e+00 2.335240e+00
3.060000e+00 2.220446e-16 3.347071e+00 2.330859e+00
3.070000e+00 2.220446e-16 3.340413e+00 2.326499e+00
3.080000e+00 -3.885781e-16 3.333757e+00 2.322158e+00
3.090000e+00 -1.110223e-16 3.327102e+00 2.317837e+00
3.100000e+00 -2.775558e-16 3.320449e+00 2.313535e+00
3.110000e+00 4.440892e-16 3.313798e+00 2.309251e+00
3.120000e+00 -5.551115e-17 3.307149e+00 2.304987e+00
3.130000e+00 -7.216450e-16 3.300503e+00 2.300741e+00
3.140000e+00 -9.992007e-16 3.293860e+00 2.296514e+00
3.150000e+00 -6.661338e-16 3.287220e+00 2.292305e+00
3.160000e+00 9.992007e-16 3.280583e+00 2.288115e+00
3.170000e+00 -1.498801e-15 3.273949e+00 2.283942e+00
3.180000e+00 -3.330669e-16 3.267319e+00 2.279787e+00
3.190000e+00 6.106227e-16 3.260694e+00 2.275649e+00
3.200000e+00 1.110223e-16 3.254073e+00 2.271529e+00
3.210000e+00 -2.220446e-16 3.247456e+00 2.267425e+00
3.220000e+00 -1.387779e-15 3.240844e+00 2.263338e+00
3.230000e+00 5.551115e-17 3.234237e+00 2.259269e+00
3.240000e+00 -1.110223e-16 3.227635e+00 2.255216e+00
3.250000e+00 -8.881784e-16 3.221039e+00 2.251181e+00
3.260000e+00 5.551115e-16 3.214449e+00 2.247162e+00
3.270000e+00 -2.220446e-16 3.207865e+00 2.243160e+00
3.280000e+00 -8.881784e-16 3.201288e+00 2.239175e+00
3.290000e+00 -1.665335e-15 3.194717e+00 2.235206e+00
3.300000e+00 4.440892e-16 3.188153e+00 2.231253e+00
3.310000e+00 -6.106227e-16 3.181596e+00 2.227316e+00
3.320000e+00 7.216450e-16 3.175046e+00 2.223395e+00
3.330000e+00 -5.551115e-17 3.168503e+00 2.219489e+00
3.340000e+00 -7.771561e-16 3.161968e+00 2.215600e+00
3.350000e+00 -5.551115e-17 3.155440e+00 2.211726e+00
3.360000e+00 2.220446e-16 3.148921e+00 2.207867e+00
3.370000e+00 7.771561e-16 3.142409e+00 2.204023e+00
3.380000e+00 -1.665335e-16 3.135906e+00 2.200195e+00
3.390000e+00 -6.661338e-16 3.129411e+00 2.196381e+00
3.400000e+00 -4.996004e-16 3.122924e+00 2.192582e+00
3.410000e+00 -7.771561e-16 3.116446e+00 2.188799e+00
3.420000e+00 -5.551115e-17 3.109977e+00 2.185030e+00
3.430000e+00 -1.332268e-15 3.103516e+00 2.181275e+00
3.440000e+00 -7.216450e-16 3.097065e+00 2.177534e+00
3.450000e+00 4.996004e-16 3.090624e+00 2.173808e+00
3.460000e+00 1.165734e-15 3.084192e+00 2.170095e+00
3.470000e+00 2.220446e-16 3.077770e+00 2.166396e+00
3.480000e+00 4.996004e-16 3.071357e+00 2.162712e+00
3.490000e+00 6.106227e-16 3.064954e+00 2.159041e+00
3.500000e+00 0.000000e+00 3.058562e+00 2.155384e+00
3.510000e+00 2.775558e-16 3.052181e+00 2.151741e+00
3.520000e+00 -2.775558e-16 3.045809e+00 2.148111e+00
3.530000e+00 -1.110223e-16 3.039448e+00 2.144495e+00
3.540000e+00 6.106227e-16 3.033099e+00 2.140892e+00
3.550000e+00 -4.440892e-16 3.026760e+00 2.137304e+00
3.560000e+00 -1.110223e-15 3.020432e+00 2.133728e+00
3.570000e+00 7.771561e-16 3.014116e+00 2.130165e+00
3.580000e+00 -4.440892e-16 3.007810e+00 2.126616e+00
3.590000e+00 -1.665335e-16 3.001517e+00 2.123079e+00
3.600000e+00 9.436896e-16 2.995235e+00 2.119556e+00
3.610000e+00 1.110223e-15 2.988964e+00 2.116045e+00
3.620000e+00 -1.054712e-15 2.982705e+00 2.112546e+00
3.630000e+00 -5.551115e-17 2.976457e+00 2.109061e+00
3.640000e+00 1.165734e-15 2.970222e+00 2.105588e+00
3.650000e+00 5.551115e-17 2.963999e+00 2.102128e+00
3.660000e+00 -1.387779e-15 2.957787e+00 2.098680e+00
3.670000e+00 -7.771561e-16 2.951588e+00 2.095244e+00
3.680000e+00 -1.387779e-15 2.945401e+00 2.091821e+00
3.690000e+00 2.220446e-16 2.939226e+00 2.088409e+00
3.700000e+00 5.551115e-16 2.933064e+00 2.085010e+00
3.710000e+00 -2.220446e-16 2.926914e+00 2.081622e+00
3.720000e+00 9.992007e-16 2.920776e+00 2.078247e+00
3.730000e+00 1.110223e-16 2.914651e+00 2.074883e+00
3.740000e+00 1.498801e-15 2.908540e+00 2.071531e+00
3.750000e+00 -1.110223e-16 2.902441e+00 2.068190e+00
3.760000e+00 -7.216450e-16 2.896355e+00 2.064861e+00
3.770000e+00 6.106227e-16 2.890282e+00 2.061543e+00
3.780000e+00 9.992007e-16 2.884223e+00 2.058237e+00
3.790000e+00 -2.775558e-16 2.878176e+00 2.054943e+00
3.800000e+00 -2.775558e-16 2.872143e+00 2.051659e+00
3.810000e+00 1.221245e-15 2.866123e+00 2.048387e+00
3.820000e+00 1.665335e-16 2.860116e+00 2.045127e+00
3.830000e+00 6.106227e-16 2.854123e+00 2.041878e+00
3.840000e+00 4.440892e-16 2.848144e+00 2.038639e+00
3.850000e+00 3.885781e-16 2.842178e+00 2.035412e+00
3.860000e+00 -5.551115e-17 2.836225e+00 2.032196e+00
3.870000e+00 -6.661338e-16 2.830287e+00 2.028991e+00
3.880000e+00 4.996004e-16 2.824362e+00 2.025796e+00
3.890000e+00 1.054712e-15 2.818451e+00 2.022612e+00
3.900000e+00 3.885781e-16 2.812553e+00 2.019439e+00
3.910000e+00 3.330669e-16 2.806670e+00 2.016276e+00
3.920000e+00 6.106227e-16 2.800800e+00 2.013125e+00
3.930000e+00 2.220446e-16 2.794944e+00 2.009983e+00
3.940000e+00 -4.440892e-16 2.789101e+00 2.006852e+00
3.950000e+00 -1.387779e-15 2.783273e+00 2.003731e+00
3.960000e+00 -3.330669e-16 2.777459e+00 2.000621e+00
3.970000e+00 -9.436896e-16 2.771658e+00 1.997521e+00
3.980000e+00 1.665335e-16 2.765872e+00 1.994431e+00
3.990000e+00 6.106227e-16 2.760100e+00 1.991352e+00
4.000000e+00 -5.551115e-17 2.754341e+00 1.988282e+00
4.010000e+00 -1.609823e-15 2.748597e+00 1.985223e+00
4.020000e+00 -3.885781e-16 2.742867e+00 1.982173e+00
4.030000e+00 -6.661338e-16 2.737151e+00 1.979134e+00
4.040000e+00 -1.110223e-16 2.731449e+00 1.976104e+00
4.050000e+00 -1.221245e-15 2.725762e+00 1.973084e+00
4.060000e+00 -9.436896e-16 2.720088e+00 1.970073e+00
4.070000e+00 -1.110223e-16 2.714429e+00 1.967073e+00
4.080000e+00 -1.221245e-15 2.708785e+00 1.964082e+00
4.090000e+00 1.665335e-16 2.703155e+00 1.961100e+00
4.100000e+00 -3.330669e-16 2.697539e+00 1.958128e+00
4.110000e+00 -3.330669e-16 2.691938e+00 1.955166e+00
4.120000e+00 4.440892e-16 2.686351e+00 1.952213e+00
4.130000e+00 -2.775558e-16 2.680778e+00 1.949269e+00
4.140000e+00 -4.440892e-16 2.675220e+00 1.946334e+00
4.150000e+00 1.498801e-15 2.669677e+00 1.943409e+00
4.160000e+00 -9.436896e-16 2.664147e+00 1.940493e+00
4.170000e+00 4.440892e-16 2.658633e+00 1.937586e+00
4.180000e+00 0.000000e+00 2.653132e+00 1.934688e+00
4.190000e+00 3.330669e-16 2.647646e+00 1.931799e+00
4.200000e+00 -1.110223e-16 2.642175e+00 1.928919e+00
4.210000e+00 -5.551115e-16 2.636718e+00 1.926048e+00
4.220000e+00 -1.887379e-15 2.631275e+00 1.923185e+00
4.230000e+00 1.665335e-16 2.625847e+00 1.920332e+00
4.240000e+00 -6.661338e-16 2.620433e+00 1.917487e+00
4.250000e+00 4.996004e-16 2.615033e+00 1.914651e+00
4.260000e+00 -4.440892e-16 2.609648e+00 1.911824e+00
4.270000e+00 1.665335e-16 2.604277e+00 1.909005e+00
4.280000e+00 -1.110223e-16 2.598920e+00 1.906194e+00
4.290000e+00 9.436896e-16 2.593578e+00 1.903393e+00
4.300000e+00 0.000000e+00 2.588250e+00 1.900599e+00
4.310000e+00 -3.330669e-16 2.582937e+00 1.897814e+00
4.320000e+00 -8.326673e-16 2.577638e+00 1.895038e+00
4.330000e+00 -4.996004e-16 2.572353e+00 1.892269e+00
4.340000e+00 -3.330669e-16 2.567083e+00 1.889510e+00
4.350000e+00 -3.885781e-16 2.561827e+00 1.886757e+00
4.360000e+00 1.443290e-15 2.556585e+00 1.884013e+00
4.370000e+00 -5.551115e-17 2.551357e+00 1.881278e+00
4.380000e+00 -1.110223e-16 2.546144e+00 1.878550e+00
4.390000e+00 5.551115e-17 2.540946e+00 1.875831e+00
4.400000e+00 7.216450e-16 2.535761e+00 1.873119e+00
4.410000e+00 -7.216450e-16 2.530591e+00 1.870415e+00
4.420000e+00 2.220446e-16 2.525436e+00 1.867719e+00
4.430000e+00 1.276756e-15 2.520295e+00 1.865031e+00
4.440000e+00 -1.221245e-15 2.515168e+00 1.862350e+00
4.450000e+00 -1.609823e-15 2.510055e+00 1.859677e+00
4.460000e+00 1.665335e-16 2.504957e+00 1.857012e+00
4.470000e+00 1.110223e-16 2.499872e+00 1.854354e+00
4.480000e+00 -6.106227e-16 2.494802e+00 1.851703e+00
4.490000e+00 -1.665335e-16 2.489746e+00 1.849060e+00
4.500000e+00 -1.665335e-16 2.484705e+00 1.846425e+00
4.510000e+00 4.996004e-16 2.479677e+00 1.843796e+00
4.520000e+00 -2.220446e-16 2.474663e+00 1.841175e+00
4.530000e+00 2.220446e-16 2.469664e+00 1.838562e+00
4.540000e+00 2.775558e-16 2.464679e+00 1.835955e+00
4.550000e+00 1.110223e-16 2.459708e+00 1.833356e+00
4.560000e+00 -1.110223e-16 2.454750e+00 1.830764e+00
4.570000e+00 8.881784e-16 2.449807e+00 1.828179e+00
4.580000e+00 5.551115e-17 2.444877e+00 1.825601e+00
4.590000e+00 -1.665335e-16 2.439962e+00 1.823030e+00
4.600000e+00 1.110223e-15 2.435060e+00 1.820466e+00
4.610000e+00 6.106227e-16 2.430172e+00 1.817909e+00
4.620000e+00 4.996004e-16 2.425298e+00 1.815358e+00
4.630000e+00 1.665335e-16 2.420438e+00 1.812814e+00
4.640000e+00 -2.109424e-15 2.415592e+00 1.810278e+00
4.650000e+00 -3.885781e-16 2.410759e+00 1.807748e+00
4.660000e+00 4.440892e-16 2.405941e+00 1.805224e+00
4.670000e+00 -1.110223e-16 2.401136e+00 1.802708e+00
4.680000e+00 1.110223e-16 2.396345e+00 1.800198e+00
4.690000e+00 -3.885781e-16 2.391567e+00 1.797694e+00
4.700000e+00 -1.110223e-15 2.386804e+00 1.795197e+00
4.710000e+00 -9.992007e-16 2.382054e+00 1.792707e+00
4.720000e+00 -4.996004e-16 2.377317e+00 1.790223e+00
4.730000e+00 1.665335e-16 2.372594e+00 1.787745e+00
4.740000e+00 5.551115e-17 2.367885e+00 1.785274e+00
4.750000e+00 5.551115e-17 2.363189e+00 1.782809e+00
4.760000e+00 -4.440892e-16 2.358507e+00 1.780350e+00
4.770000e+00 -7.771561e-16 2.353838e+00 1.777898e+00
4.780000e+00 -7.771561e-16 2.349183e+00 1.775452e+00
4.790000e+00 9.436896e-16 2.344542e+00 1.773012e+00
4.800000e+00 -1.110223e-15 2.339913e+00 1.770578e+00
4.810000e+00 -1.110223e-16 2.335298e+00 1.768150e+00
4.820000e+00 0.000000e+00 2.330696e+00 1.765728e+00
4.830000e+00 -2.220446e-16 2.326108e+00 1.763312e+00
4.840000e+00 0.000000e+00 2.321533e+00 1.760902e+00
4.850000e+00 -6.106227e-16 2.316971e+00 1.758497e+00
4.860000e+00 -2.220446e-16 2.312422e+00 1.756099e+00
4.870000e+00 -2.220446e-16 2.307887e+00 1.753706e+00
4.880000e+00 1.665335e-16 2.303364e+00 1.751319e+00
4.890000e+00 -4.440892e-16 2.298855e+00 1.748938e+00
4.900000e+00 5.551115e-17 2.294359e+00 1.746562e+00
4.910000e+00 7.771561e-16 2.289875e+00 1.744192e+00
4.920000e+00 -1.110223e-15 2.285405e+00 1.741828e+00
4.930000e+00 1.110223e-15 2.280948e+00 1.739469e+00
4.940000e+00 2.220446e-16 2.276503e+00 1.737116e+00
4.950000e+00 -3.330669e-16 2.272071e+00 1.734769e+00
4.960000e+00 4.440892e-16 2.267653e+00 1.732426e+00
4.970000e+00 -5.551115e-17 2.263246e+00 1.730089e+00
4.980000e+00 -5.551115e-17 2.258853e+00 1.727758e+00
4.990000e+00 1.665335e-16 2.254472e+00 1.725432e+00
5.000000e+00 3.885781e-16 2.250105e+00 1.723111e+00
5.010000e+00 1.554312e-15 2.245749e+00 1.720796e+00
5.020000e+00 -3.330669e-16 2.241407e+00 1.718486e+00
5.030000e+00 1.165734e-15 2.237077e+00 1.716181e+00
5.040000e+00 -4.440892e-16 2.232760e+00 1.713881e+00
5.050000e+00 1.665335e-16 2.228455e+00 1.711587e+00
5.060000e+00 -1.110223e-15 2.224163e+00 1.709297e+00
5.070000e+00 0.000000e+00 2.219883e+00 1.707013e+00
5.080000e+00 -3.330669e-16 2.215615e+00 1.704734e+00
5.090000e+00 0.000000e+00 2.211360e+00 1.702460e+00
5.100000e+00 -1.221245e-15 2.207118e+00 1.700191e+00
5.110000e+00 -1.110223e-16 2.202888e+00 1.697927e+00
5.120000e+00 -8.326673e-16 2.198670e+00 1.695668e+00
5.130000e+00 -2.498002e-15 2.194464e+00 1.693413e+00
5.140000e+00 3.885781e-16 2.190270e+00 1.691164e+00
5.150000e+00 1.110223e-16 2.186089e+00 1.688920e+00
5.160000e+00 8.881784e-16 2.181920e+00 1.686680e+00
5.170000e+00 1.665335e-16 2.177763e+00 1.684446e+00
5.180000e+00 4.440892e-16 2.173618e+00 1.682216e+00
5.190000e+00 5.551115e-16 2.169485e+00 1.679991e+00
5.200000e+00 -1.665335e-16 2.165364e+00 1.677770e+00
5.210000e+00 -4.996004e-16 2.161255e+00 1.675554e+00
5.220000e+00 1.165734e-15 2.157158e+00 1.673343e+00
5.230000e+00 -8.881784e-16 2.153072e+00 1.671136e+00
5.240000e+00 1.165734e-15 2.148999e+00 1.668935e+00
5.250000e+00 0.000000e+00 2.144937e+00 1.666737e+00
5.260000e+00 -1.110223e-16 2.140887e+00 1.664545e+00
5.270000e+00 1.665335e-16 2.136849e+00 1.662356e+00
5.280000e+00 -1.110223e-16 2.132823e+00 1.660173e+00
5.290000e+00 -5.551115e-17 2.128808e+00 1.657993e+00
5.300000e+00 2.775558e-16 2.124804e+00 1.655818e+00
5.310000e+00 1.110223e-15 2.120812e+00 1.653648e+00
5.320000e+00 -5.551115e-17 2.116832e+00 1.651482e+00
5.330000e+00 -2.775558e-16 2.112863e+00 1.649320e+00
5.340000e+00 4.996004e-16 2.108905e+00 1.647163e+00
5.350000e+00 -4.440892e-16 2.104959e+00 1.645010e+00
5.360000e+00 -3.885781e-16 2.101024e+00 1.642861e+00
5.370000e+00 -5.551115e-17 2.097100e+00 1.640716e+00
5.380000e+00 5.551115e-17 2.093188e+00 1.638576e+00
5.390000e+00 3.885781e-16 2.089287e+00 1.636440e+00
5.400000e+00 -8.326673e-16 2.085397e+00 1.634308e+00
5.410000e+00 4.440892e-16 2.081518e+00 1.632180e+00
5.420000e+00 4.996004e-16 2.077650e+00 1.630056e+00
5.430000e+00 -9.992007e-16 2.073793e+00 1.627937e+00
5.440000e+00 -9.992007e-16 2.069948e+00 1.625821e+00
5.450000e+00 2.775558e-16 2.066113e+00 1.623710e+00
5.460000e+00 -2.775558e-16 2.062289e+00 1.621603e+00
5.470000e+00 1.054712e-15 2.058477e+00 1.619499e+00
5.480000e+00 7.771561e-16 2.054675e+00 1.617400e+00
5.490000e+00 6.661338e-16 2.050884e+00 1.615305e+00
5.500000e+00 1.498801e-15 2.047103e+00 1.613214e+00
5.510000e+00 1.498801e-15 2.043334e+00 1.611127e+00
5.520000e+00 7.216450e-16 2.039575e+00 1.609043e+00
5.530000e+00 -3.885781e-16 2.035827e+00 1.606964e+00
5.540000e+00 -7.771561e-16 2.032090e+00 1.604889e+00
5.550000e+00 2.220446e-16 2.028363e+00 1.602817e+00
5.560000e+00 -8.881784e-16 2.024647e+00 1.600750e+00
5.570000e+00 -5.551115e-17 2.020941e+00 1.598686e+00
5.580000e+00 -1.942890e-15 2.017245e+00 1.596626e+00
5.590000e+00 -1.665335e-16 2.013561e+00 1.594570e+00
5.600000e+00 3.330669e-16 2.009886e+00 1.592517e+00
5.610000e+00 -1.665335e-16 2.006222e+00 1.590469e+00
5.620000e+00 0.000000e+00 2.002568e+00 1.588424e+00
5.630000e+00 -8.326673e-16 1.998925e+00 1.586383e+00
5.640000e+00 -1.720846e-15 1.995291e+00 1.584345e+00
5.650000e+00 2.775558e-16 1.991668e+00 1.582312e+00
5.660000e+00 3.885781e-16 1.988056e+00 1.580282e+00
5.670000e+00 7.216450e-16 1.984453e+00 1.578255e+00
5.680000e+00 -1.665335e-16 1.980860e+00 1.576233e+00
5.690000e+00 1.443290e-15 1.977277e+00 1.574214e+00
5.700000e+00 -1.665335e-16 1.973705e+00 1.572198e+00
5.710000e+00 1.054712e-15 1.970142e+00 1.570186e+00
5.720000e+00 -1.665335e-16 1.966589e+00 1.568178e+00
5.730000e+00 -1.110223e-16 1.963046e+00 1.566174e+00
5.740000e+00 3.885781e-16 1.959512e+00 1.564173e+00
5.750000e+00 1.054712e-15 1.955989e+00 1.562175e+00
5.760000e+00 -2.775558e-16 1.952475e+00 1.560181e+00
5.770000e+00 6.661338e-16 1.948971e+00 1.558191e+00
5.780000e+00 -1.665335e-16 1.945477e+00 1.556204e+00
5.790000e+00 0.000000e+00 1.941992e+00 1.554220e+00
5.800000e+00 2.220446e-16 1.938517e+00 1.552240e+00
5.810000e+00 3.330669e-16 1.935051e+00 1.550264e+00
5.820000e+00 3.885781e-16 1.931595e+00 1.548291e+00
5.830000e+00 -2.220446e-16 1.928148e+00 1.546321e+00
5.840000e+00 -2.220446e-16 1.924711e+00 1.544355e+00
5.850000e+00 4.996004e-16 1.921283e+00 1.542392e+00
5.860000e+00 -7.771561e-16 1.917864e+00 1.540432e+00
5.870000e+00 6.661338e-16 1.914455e+00 1.538476e+00
5.880000e+00 3.330669e-16 1.911055e+00 1.536524e+00
5.890000e+00 -1.110223e-16 1.907665e+00 1.534574e+00
5.900000e+00 1.165734e-15 1.904283e+00 1.532628e+00
5.910000e+00 1.054712e-15 1.900911e+00 1.530685e+00
5.920000e+00 5.551115e-16 1.897548e+00 1.528746e+00
5.930000e+00 2.220446e-16 1.894194e+00 1.526810e+00
5.940000e+00 -1.110223e-16 1.890849e+00 1.524877e+00
5.950000e+00 3.885781e-16 1.887513e+00 1.522948e+00
5.960000e+00 1.110223e-16 1.884186e+00 1.521021e+00
5.970000e+00 9.992007e-16 1.880868e+00 1.519098e+00
5.980000e+00 3.330669e-16 1.877559e+00 1.517179e+00
5.990000e+00 1.276756e-15 1.874259e+00 1.515262e+00
6.000000e+00 4.440892e-16 1.870968e+00 1.513349e+00
6.010000e+00 -3.885781e-16 1.867685e+00 1.511439e+00
6.020000e+00 -1.110223e-16 1.864411e+00 1.509532e+00
6.030000e+00 -9.436896e-16 1.861146e+00 1.507628e+00
6.040000e+00 5.551115e-17 1.857890e+00 1.505728e+00
6.050000e+00 0.000000e+00 1.854642e+00 1.503830e+00
6.060000e+00 1.110223e-16 1.851403e+00 1.501936e+00
6.070000e+00 1.665335e-16 1.848172e+00 1.500045e+00
6.080000e+00 3.885781e-16 1.844950e+00 1.498157e+00
6.090000e+00 6.661338e-16 1.841737e+00 1.496272e+00
6.100000e+00 -2.053913e-15 1.838532e+00 1.494391e+00
6.110000e+00 -7.216450e-16 1.835335e+00 1.492512e+00
6.120000e+00 -3.330669e-16 1.832146e+00 1.490637e+00
6.130000e+00 -8.881784e-16 1.828966e+00 1.488764e+00
6.140000e+00 5.551115e-17 1.825795e+00 1.486895e+00
6.150000e+00 -8.881784e-16 1.822631e+00 1.485029e+00
6.160000e+00 5.551115e-16 1.819476e+00 1.483166e+00
6.170000e+00 6.106227e-16 1.816329e+00 1.481306e+00
6.180000e+00 -2.775558e-16 1.813190e+00 1.479449e+00
6.190000e+00 -4.996004e-16 1.810060e+00 1.477595e+00
6.200000e+00 -1.332268e-15 1.806937e+00 1.475744e+00
6.210000e+00 6.106227e-16 1.803822e+00 1.473896e+00
6.220000e+00 1.165734e-15 1.800716e+00 1.472051e+00
6.230000e+00 8.326673e-16 1.797617e+00 1.470209e+00
6.240000e+00 -2.220446e-16 1.794526e+00 1.468370e+00
6.250000e+00 -1.165734e-15 1.791444e+00 1.466534e+00
6.260000e+00 5.551115e-16 1.788369e+00 1.464701e+00
6.270000e+00 -2.220446e-16 1.785302e+00 1.462871e+00
6.280000e+00 1.110223e-15 1.782243e+00 1.461044e+00
6.290000e+00 -7.771561e-16 1.779191e+00 1.459220e+00
6.300000e+00 5.551115e-16 1.776147e+00 1.457399e+00
6.310000e+00 -1.665335e-16 1.773111e+00 1.455581e+00
6.320000e+00 4.996004e-16 1.770083e+00 1.453766e+00
6.330000e+00 -3.885781e-16 1.767063e+00 1.451954e+00
6.340000e+00 2.775558e-16 1.764050e+00 1.450144e+00
6.350000e+00 3.885781e-16 1.761044e+00 1.448338e+00
6.360000e+00 1.665335e-16 1.758046e+00 1.446534e+00
6.370000e+00 1.665335e-16 1.755056e+00 1.444734e+00
6.380000e+00 8.326673e-16 1.752073e+00 1.442936e+00
6.390000e+00 -2.775558e-16 1.749098e+00 1.441141e+00
6.400000e+00 -1.665335e-16 1.746130e+00 1.439349e+00
6.410000e+00 1.110223e-16 1.743169e+00 1.437560e+00
6.420000e+00 6.661338e-16 1.740216e+00 1.435774e+00
6.430000e+00 7.771561e-16 1.737270e+00 1.433991e+00
6.440000e+00 1.332268e-15 1.734331e+00 1.432210e+00
6.450000e+00 3.330669e-16 1.731400e+00 1.430433e+00
6.460000e+00 -9.436896e-16 1.728476e+00 1.428658e+00
6.470000e+00 2.775558e-16 1.725559e+00 1.426886e+00
6.480000e+00 -2.775558e-16 1.722649e+00 1.425117e+00
6.490000e+00 -8.326673e-16 1.719746e+00 1.423351e+00
6.500000e+00 3.885781e-16 1.716851e+00 1.421588e+00
6.510000e+00 8.881784e-16 1.713962e+00 1.419827e+00
6.520000e+00 -8.326673e-16 1.711081e+00 1.418069e+00
6.530000e+00 4.440892e-16 1.708206e+00 1.416314e+00
6.540000e+00 -8.326673e-16 1.705339e+00 1.414562e+00
6.550000e+00 -2.220446e-16 1.702478e+00 1.412813e+00
6.560000e+00 -1.276756e-15 1.699625e+00 1.411066e+00
6.570000e+00 -1.665335e-16 1.696778e+00 1.409322e+00
6.580000e+00 4.440892e-16 1.693938e+00 1.407581e+00
6.590000e+00 1.221245e-15 1.691105e+00 1.405843e+00
6.600000e+00 2.220446e-16 1.688279e+00 1.404107e+00
6.610000e+00 4.440892e-16 1.685459e+00 1.402374e+00
6.620000e+00 1.221245e-15 1.682647e+00 1.400644e+00
6.630000e+00 8.326673e-16 1.679841e+00 1.398917e+00
6.640000e+00 1.110223e-15 1.677041e+00 1.397192e+00
6.650000e+00 -1.110223e-16 1.674248e+00 1.395470e+00
6.660000e+00 -8.881784e-16 1.671462e+00 1.393751e+00
6.670000e+00 -3.885781e-16 1.668683e+00 1.392034e+00
6.680000e+00 1.554312e-15 1.665909e+00 1.390321e+00
6.690000e+00 3.885781e-16 1.663143e+00 1.388610e+00
6.700000e+00 -4.440892e-16 1.660383e+00 1.386901e+00
6.710000e+00 -5.551115e-16 1.657629e+00 1.385196e+00
6.720000e+00 -6.106227e-16 1.654882e+00 1.383493e+00
6.730000e+00 2.775558e-16 1.652141e+00 1.381792e+00
6.740000e+00 6.106227e-16 1.649407e+00 1.380095e+00
6.750000e+00 -9.992007e-16 1.646679e+00 1.378400e+00
6.760000e+00 1.942890e-15 1.643957e+00 1.376708e+00
6.770000e+00 -6.106227e-16 1.641242e+00 1.375018e+00
6.780000e+00 7.216450e-16 1.638533e+00 1.373331e+00
6.790000e+00 1.110223e-15 1.635830e+00 1.371647e+00
6.800000e+00 -1.665335e-15 1.633134e+00 1.369965e+00
6.810000e+00 -9.992007e-16 1.630443e+00 1.368286e+00
6.820000e+00 -5.551115e-17 1.627759e+00 1.366610e+00
6.830000e+00 -1.221245e-15 1.625081e+00 1.364936e+00
6.840000e+00 -1.110223e-15 1.622409e+00 1.363265e+00
6.850000e+00 8.326673e-16 1.619743e+00 1.361597e+00
6.860000e+00 -9.992007e-16 1.617083e+00 1.359931e+00
6.870000e+00 6.106227e-16 1.614429e+00 1.358268e+00
6.880000e+00 -4.996004e-16 1.611782e+00 1.356607e+00
6.890000e+00 6.106227e-16 1.609140e+00 1.354949e+00
6.900000e+00 -1.332268e-15 1.606504e+00 1.353294e+00
6.910000e+00 -3.330669e-16 1.603874e+00 1.351641e+00
6.920000e+00 1.165734e-15 1.601250e+00 1.349991e+00
6.930000e+00 -1.498801e-15 1.598632e+00 1.348343e+00
6.940000e+00 -2.220446e-16 1.596020e+00 1.346698e+00
6.950000e+00 7.216450e-16 1.593414e+00 1.345056e+00
6.960000e+00 -4.440892e-16 1.590813e+00 1.343416e+00
6.970000e+00 -5.551115e-17 1.588219e+00 1.341779e+00
6.980000e+00 6.661338e-16 1.585630e+00 1.340144e+00
6.990000e+00 1.276756e-15 1.583047e+00 1.338512e+00
7.000000e+00 7.771561e-16 1.580469e+00 1.336883e+00
7.010000e+00 5.551115e-16 1.577898e+00 1.335256e+00
7.020000e+00 -4.996004e-16 1.575332e+00 1.333631e+00
7.030000e+00 1.221245e-15 1.572771e+00 1.332009e+00
7.040000e+00 1.110223e-16 1.570217e+00 1.330390e+00
7.050000e+00 3.885781e-16 1.567668e+00 1.328773e+00
7.060000e+00 -1.776357e-15 1.565124e+00 1.327159e+00
7.070000e+00 -6.106227e-16 1.562586e+00 1.325547e+00
7.080000e+00 3.330669e-16 1.560054e+00 1.323938e+00
7.090000e+00 -8.881784e-16 1.557527e+00 1.322331e+00
7.100000e+00 1.665335e-16 1.555005e+00 1.320727e+00
7.110000e+00 -3.330669e-16 1.552489e+00 1.319125e+00
7.120000e+00 -6.661338e-16 1.549979e+00 1.317526e+00
7.130000e+00 -5.551115e-17 1.547474e+00 1.315929e+00
7.140000e+00 -1.276756e-15 1.544974e+00 1.314335e+00
7.150000e+00 -6.661338e-16 1.542480e+00 1.312743e+00
7.160000e+00 -5.551115e-17 1.539991e+00 1.311154e+00
7.170000e+00 -1.110223e-16 1.537507e+00 1.309567e+00
7.180000e+00 -3.885781e-16 1.535029e+00 1.307982e+00
7.190000e+00 2.775558e-16 1.532556e+00 1.306400e+00
7.200000e+00 -4.440892e-16 1.530088e+00 1.304821e+00
7.210000e+00 9.992007e-16 1.527626e+00 1.303244e+00
7.220000e+00 -9.436896e-16 1.525169e+00 1.301669e+00
7.230000e+00 -2.220446e-16 1.522717e+00 1.300097e+00
7.240000e+00 -8.326673e-16 1.520270e+00 1.298527e+00
7.250000e+00 3.330669e-16 1.517828e+00 1.296960e+00
7.260000e+00 -2.220446e-16 1.515392e+00 1.295395e+00
7.270000e+00 2.775558e-16 1.512961e+00 1.293833e+00
7.280000e+00 2.775558e-16 1.510534e+00 1.292273e+00
7.290000e+00 -6.106227e-16 1.508113e+00 1.290715e+00
7.300000e+00 -6.661338e-16 1.505697e+00 1.289160e+00
7.310000e+00 -1.110223e-16 1.503286e+00 1.287608e+00
7.320000e+00 1.887379e-15 1.500880e+00 1.286057e+00
7.330000e+00 1.332268e-15 1.498479e+00 1.284509e+00
7.340000e+00 -4.996004e-16 1.496083e+00 1.282964e+00
7.350000e+00 -2.775558e-16 1.493692e+00 1.281420e+00
7.360000e+00 9.992007e-16 1.491306e+00 1.279880e+00
7.370000e+00 3.330669e-16 1.488925e+00 1.278341e+00
7.380000e+00 -6.106227e-16 1.486549e+00 1.276805e+00
7.390000e+00 0.000000e+00 1.484178e+00 1.275271e+00
7.400000e+00 2.220446e-16 1.481812e+00 1.273740e+00
7.410000e+00 -5.551115e-17 1.479450e+00 1.272211e+00
7.420000e+00 8.326673e-16 1.477094e+00 1.270684e+00
7.430000e+00 -2.775558e-16 1.474742e+00 1.269160e+00
7.440000e+00 -2.220446e-16 1.472395e+00 1.267638e+00
7.450000e+00 5.551115e-16 1.470053e+00 1.266118e+00
7.460000e+00 3.885781e-16 1.467715e+00 1.264601e+00
7.470000e+00 5.551115e-17 1.465383e+00 1.263085e+00
7.480000e+00 -5.551115e-16 1.463055e+00 1.261573e+00
7.490000e+00 1.221245e-15 1.460732e+00 1.260062e+00
7.500000e+00 -8.326673e-16 1.458414e+00 1.258554e+00
7.510000e+00 -1.609823e-15 1.456100e+00 1.257048e+00
7.520000e+00 4.440892e-16 1.453791e+00 1.255545e+00
7.530000e+00 -1.776357e-15 1.451487e+00 1.254044e+00
7.540000e+00 -6.661338e-16 1.449187e+00 1.252545e+00
7.550000e+00 -1.443290e-15 1.446892e+00 1.251048e+00
7.560000e+00 4.996004e-16 1.444602e+00 1.249553e+00
7.570000e+00 -1.110223e-15 1.442316e+00 1.248061e+00
7.580000e+00 -2.775558e-16 1.440035e+00 1.246571e+00
7.590000e+00 -8.326673e-16 1.437758e+00 1.245084e+00
7.600000e+00 -5.551115e-17 1.435486e+00 1.243598e+00
7.610000e+00 -3.330669e-16 1.433219e+00 1.242115e+00
7.620000e+00 9.436896e-16 1.430956e+00 1.240634e+00
7.630000e+00 7.771561e-16 1.428697e+00 1.239155e+00
7.640000e+00 1.720846e-15 1.426443e+00 1.237679e+00
7.650000e+00 -1.110223e-16 1.424194e+00 1.236205e+00
7.660000e+00 7.216450e-16 1.421949e+00 1.234733e+00
7.670000e+00 -9.992007e-16 1.419708e+00 1.233263e+00
7.680000e+00 -9.436896e-16 1.417472e+00 1.231795e+00
7.690000e+00 -2.775558e-16 1.415240e+00 1.230330e+00
7.700000e+00 9.436896e-16 1.413013e+00 1.228866e+00
7.710000e+00 -6.661338e-16 1.410790e+00 1.227405e+00
7.720000e+00 8.326673e-16 1.408572e+00 1.225946e+00
7.730000e+00 5.551115e-17 1.406358e+00 1.224490e+00
7.740000e+00 -7.216450e-16 1.404148e+00 1.223035e+00
7.750000e+00 -3.885781e-16 1.401942e+00 1.221583e+00
7.760000e+00 8.881784e-16 1.399741e+00 1.220132e+00
7.770000e+00 1.054712e-15 1.397544e+00 1.218684e+00
7.780000e+00 3.885781e-16 1.395352e+00 1.217238e+00
7.790000e+00 -6.106227e-16 1.393163e+00 1.215794e+00
7.800000e+00 4.440892e-16 1.390980e+00 1.214352e+00
7.810000e+