1.000000e-01 2.775558e-17 6.333171e+00 1.743559e+00
2.000000e-01 0.000000e+00 5.105549e+00 1.475465e+00
3.000000e-01 5.551115e-17 4.180118e+00 1.294700e+00
4.000000e-01 0.000000e+00 3.462814e+00 1.179693e+00
5.000000e-01 -1.665335e-16 2.901366e+00 1.113649e+00
6.000000e-01 5.551115e-17 2.459494e+00 1.081503e+00
7.000000e-01 -2.775558e-16 2.110852e+00 1.069513e+00
8.000000e-01 -5.551115e-17 1.836474e+00 1.067021e+00
9.000000e-01 0.000000e+00 1.622301e+00 1.067217e+00
1.000000e+00 -1.665335e-16 1.457510e+00 1.067370e+00
1.100000e+00 3.330669e-16 1.333434e+00 1.066842e+00
1.200000e+00 0.000000e+00 1.242766e+00 1.065765e+00
1.300000e+00 1.665335e-16 1.177678e+00 1.063386e+00
1.400000e+00 -2.220446e-16 1.131753e+00 1.058751e+00
1.500000e+00 5.551115e-17 1.100068e+00 1.050522e+00
1.600000e+00 -2.775558e-16 1.077838e+00 1.037777e+00
1.700000e+00 0.000000e+00 1.061974e+00 1.021073e+00
1.800000e+00 5.551115e-17 1.049620e+00 1.001200e+00
1.900000e+00 -2.220446e-16 1.038639e+00 9.789238e-01
2.000000e+00 5.551115e-17 1.028553e+00 9.551776e-01
2.100000e+00 1.110223e-16 1.018593e+00 9.305633e-01
2.200000e+00 -1.110223e-16 1.008193e+00 9.057543e-01
2.300000e+00 -2.220446e-16 9.961829e-01 8.811278e-01
2.400000e+00 1.110223e-16 9.831711e-01 8.572012e-01
2.500000e+00 1.665335e-16 9.694537e-01 8.342053e-01
2.600000e+00 -1.110223e-16 9.551707e-01 8.123360e-01
2.700000e+00 3.330669e-16 9.402056e-01 7.916542e-01
2.800000e+00 -3.330669e-16 9.246355e-01 7.720609e-01
2.900000e+00 2.775558e-16 9.088943e-01 7.535900e-01
3.000000e+00 3.330669e-16 8.932170e-01 7.361701e-01
3.100000e+00 1.110223e-16 8.778792e-01 7.199018e-01
3.200000e+00 5.551115e-17 8.627642e-01 7.046794e-01
3.300000e+00 1.110223e-16 8.479331e-01 6.903010e-01
3.400000e+00 3.885781e-16 8.335724e-01 6.767969e-01
3.500000e+00 -1.110223e-16 8.196209e-01 6.640478e-01
3.600000e+00 -5.551115e-16 8.061624e-01 6.519760e-01
3.700000e+00 -3.330669e-16 7.929920e-01 6.405542e-01
3.800000e+00 2.220446e-16 7.800737e-01 6.296913e-01
3.900000e+00 0.000000e+00 7.675118e-01 6.193656e-01
4.000000e+00 -1.110223e-16 7.553621e-01 6.095998e-01
4.100000e+00 -2.220446e-16 7.436384e-01 6.002011e-01
4.200000e+00 3.885781e-16 7.322215e-01 5.911145e-01
4.300000e+00 5.551115e-17 7.210686e-01 5.824708e-01
4.400000e+00 1.110223e-16 7.101205e-01 5.742062e-01
4.500000e+00 1.665335e-16 6.992835e-01 5.662088e-01
4.600000e+00 -5.551115e-17 6.886142e-01 5.585279e-01
4.700000e+00 2.220446e-16 6.781513e-01 5.511858e-01
4.800000e+00 -5.551115e-17 6.678573e-01 5.440687e-01
4.900000e+00 -1.665335e-16 6.577687e-01 5.370832e-01
5.000000e+00 -1.110223e-16 6.478382e-01 5.302787e-01
5.100000e+00 -3.885781e-16 6.380128e-01 5.237111e-01
5.200000e+00 -2.775558e-16 6.282864e-01 5.173504e-01
5.300000e+00 -2.220446e-16 6.186274e-01 5.111627e-01
5.400000e+00 -2.775558e-16 6.090596e-01 5.051640e-01
5.500000e+00 -4.440892e-16 5.995753e-01 4.993352e-01
5.600000e+00 5.551115e-17 5.901961e-01 4.936656e-01
5.700000e+00 2.220446e-16 5.809167e-01 4.880669e-01
5.800000e+00 5.551115e-17 5.717065e-01 4.825363e-01
5.900000e+00 -1.665335e-16 5.625533e-01 4.771282e-01
6.000000e+00 5.551115e-17 5.534621e-01 4.718401e-01
6.100000e+00 -5.551115e-17 5.444259e-01 4.666479e-01
6.200000e+00 -1.110223e-16 5.354413e-01 4.615635e-01
6.300000e+00 0.000000e+00 5.265172e-01 4.565858e-01
6.400000e+00 -4.996004e-16 5.176484e-01 4.516968e-01
6.500000e+00 -2.775558e-16 5.088347e-01 4.468831e-01
6.600000e+00 -1.110223e-16 5.000732e-01 4.421234e-01
6.700000e+00 -4.996004e-16 4.913685e-01 4.374045e-01
6.800000e+00 2.220446e-16 4.827150e-01 4.327351e-01
6.900000e+00 -5.551115e-17 4.741195e-01 4.280748e-01
7.000000e+00 -2.775558e-16 4.655858e-01 4.234418e-01
7.100000e+00 -1.110223e-16 4.571176e-01 4.188337e-01
7.200000e+00 -5.551115e-17 4.487174e-01 4.142557e-01
7.300000e+00 -1.665335e-16 4.403895e-01 4.096984e-01
7.400000e+00 2.775558e-16 4.321396e-01 4.051504e-01
7.500000e+00 2.220446e-16 4.239733e-01 4.006081e-01
7.600000e+00 -5.551115e-17 4.158928e-01 3.960624e-01
7.700000e+00 1.110223e-16 4.079009e-01 3.915106e-01
7.800000e+00 -4.996004e-16 4.000011e-01 3.869450e-01
7.900000e+00 0.000000e+00 3.921993e-01 3.823665e-01
8.000000e+00 1.665335e-16 3.845074e-01 3.777665e-01
8.100000e+00 4.440892e-16 3.769320e-01 3.731506e-01
8.200000e+00 4.440892e-16 3.694799e-01 3.685133e-01
8.300000e+00 -2.775558e-16 3.621592e-01 3.638596e-01
8.400000e+00 -4.440892e-16 3.549778e-01 3.591880e-01
8.500000e+00 -1.665335e-16 3.479434e-01 3.544986e-01
8.600000e+00 1.665335e-16 3.410635e-01 3.497928e-01
8.700000e+00 1.665335e-16 3.343454e-01 3.450711e-01
8.800000e+00 0.000000e+00 3.277968e-01 3.403345e-01
8.900000e+00 1.665335e-16 3.214236e-01 3.355839e-01
9.000000e+00 2.220446e-16 3.152323e-01 3.308212e-01
9.100000e+00 -2.220446e-16 3.092282e-01 3.260494e-01
9.200000e+00 1.665335e-16 3.034170e-01 3.212707e-01
9.300000e+00 1.110223e-16 2.978006e-01 3.164898e-01
9.400000e+00 -4.440892e-16 2.923856e-01 3.117082e-01
9.500000e+00 1.110223e-16 2.871755e-01 3.069324e-01
9.600000e+00 -1.110223e-16 2.821720e-01 3.021651e-01
9.700000e+00 0.000000e+00 2.773756e-01 2.974116e-01
9.800000e+00 -1.110223e-16 2.727854e-01 2.926772e-01
9.900000e+00 2.220446e-16 2.683982e-01 2.879666e-01
1.000000e+01 5.551115e-17 2.642097e-01 2.832851e-01
1.010000e+01 -3.330669e-16 2.602132e-01 2.786371e-01
1.020000e+01 -5.551115e-17 2.564005e-01 2.740267e-01
1.030000e+01 -6.661338e-16 2.527619e-01 2.694585e-01
1.040000e+01 -6.106227e-16 2.492855e-01 2.649364e-01
1.050000e+01 -1.665335e-16 2.459597e-01 2.604641e-01
1.060000e+01 -5.551115e-17 2.427714e-01 2.560453e-01
1.070000e+01 4.996004e-16 2.397067e-01 2.516831e-01
1.080000e+01 -5.551115e-16 2.367519e-01 2.473802e-01
1.090000e+01 0.000000e+00 2.338933e-01 2.431397e-01
1.100000e+01 4.996004e-16 2.311171e-01 2.389642e-01
1.110000e+01 3.330669e-16 2.284106e-01 2.348558e-01
1.120000e+01 -1.665335e-16 2.257614e-01 2.308165e-01
1.130000e+01 1.665335e-16 2.231576e-01 2.268483e-01
1.140000e+01 4.996004e-16 2.205891e-01 2.229528e-01
1.150000e+01 -1.665335e-16 2.180463e-01 2.191317e-01
1.160000e+01 5.551115e-17 2.155210e-01 2.153863e-01
1.170000e+01 -2.220446e-16 2.130060e-01 2.117181e-01
1.180000e+01 2.220446e-16 2.104955e-01 2.081285e-01
1.190000e+01 3.885781e-16 2.079845e-01 2.046185e-01
1.200000e+01 -1.665335e-16 2.054694e-01 2.011891e-01
1.210000e+01 -1.665335e-16 2.029477e-01 1.978412e-01
1.220000e+01 5.551115e-17 2.004177e-01 1.945753e-01
1.230000e+01 1.110223e-16 1.978790e-01 1.913919e-01
1.240000e+01 1.665335e-16 1.953319e-01 1.882914e-01
1.250000e+01 5.551115e-17 1.927778e-01 1.852737e-01
1.260000e+01 1.665335e-16 1.902182e-01 1.823388e-01
1.270000e+01 -1.665335e-16 1.876564e-01 1.794860e-01
1.280000e+01 4.440892e-16 1.850959e-01 1.767147e-01
1.290000e+01 -2.220446e-16 1.825404e-01 1.740240e-01
1.300000e+01 5.551115e-17 1.799944e-01 1.714126e-01
1.310000e+01 6.661338e-16 1.774624e-01 1.688791e-01
1.320000e+01 -2.220446e-16 1.749492e-01 1.664217e-01
1.330000e+01 -3.330669e-16 1.724599e-01 1.640384e-01
1.340000e+01 -2.220446e-16 1.699993e-01 1.617272e-01
1.350000e+01 1.110223e-16 1.675721e-01 1.594858e-01
1.360000e+01 5.551115e-17 1.651829e-01 1.573117e-01
1.370000e+01 -1.110223e-16 1.628359e-01 1.552025e-01
1.380000e+01 1.110223e-16 1.605347e-01 1.531554e-01
1.390000e+01 -3.330669e-16 1.582826e-01 1.511681e-01
1.400000e+01 0.000000e+00 1.560823e-01 1.492378e-01
1.410000e+01 -2.775558e-16 1.539358e-01 1.473622e-01
1.420000e+01 -5.551115e-17 1.518445e-01 1.455387e-01
1.430000e+01 -5.551115e-16 1.498089e-01 1.437652e-01
1.440000e+01 2.775558e-16 1.478292e-01 1.420394e-01
1.450000e+01 5.551115e-17 1.459045e-01 1.403592e-01
1.460000e+01 0.000000e+00 1.440336e-01 1.387230e-01
1.470000e+01 7.216450e-16 1.422144e-01 1.371289e-01
1.480000e+01 3.330669e-16 1.404443e-01 1.355754e-01
1.490000e+01 3.885781e-16 1.387205e-01 1.340609e-01
1.500000e+01 5.551115e-17 1.370393e-01 1.325843e-01
1.510000e+01 1.665335e-16 1.353972e-01 1.311442e-01
1.520000e+01 4.996004e-16 1.337899e-01 1.297394e-01
1.530000e+01 2.220446e-16 1.322133e-01 1.283689e-01
1.540000e+01 -2.775558e-16 1.306632e-01 1.270315e-01
1.550000e+01 0.000000e+00 1.291351e-01 1.257262e-01
1.560000e+01 2.775558e-16 1.276248e-01 1.244518e-01
1.570000e+01 -2.775558e-16 1.261282e-01 1.232070e-01
1.580000e+01 4.996004e-16 1.246412e-01 1.219906e-01
1.590000e+01 -3.885781e-16 1.231602e-01 1.208012e-01
1.600000e+01 -4.440892e-16 1.216819e-01 1.196372e-01
1.610000e+01 1.665335e-16 1.202031e-01 1.184970e-01
1.620000e+01 -4.996004e-16 1.187212e-01 1.173789e-01
1.630000e+01 -6.106227e-16 1.172339e-01 1.162809e-01
1.640000e+01 3.330669e-16 1.157394e-01 1.152010e-01
1.650000e+01 5.551115e-17 1.142364e-01 1.141370e-01
1.660000e+01 3.885781e-16 1.127239e-01 1.130865e-01
1.670000e+01 -1.665335e-16 1.112013e-01 1.120471e-01
1.680000e+01 3.330669e-16 1.096686e-01 1.110162e-01
1.690000e+01 3.330669e-16 1.081262e-01 1.099910e-01
1.700000e+01 -1.665335e-16 1.065746e-01 1.089688e-01
1.710000e+01 -3.885781e-16 1.050151e-01 1.079468e-01
1.720000e+01 0.000000e+00 1.034489e-01 1.069220e-01
1.730000e+01 5.551115e-16 1.018777e-01 1.058917e-01
1.740000e+01 8.326673e-16 1.003033e-01 1.048531e-01
1.750000e+01 0.000000e+00 9.872798e-02 1.038035e-01
1.760000e+01 5.551115e-17 9.715384e-02 1.027403e-01
1.770000e+01 0.000000e+00 9.558325e-02 1.016612e-01
1.780000e+01 -5.551115e-17 9.401862e-02 1.005639e-01
1.790000e+01 -3.330669e-16 9.246236e-02 9.944641e-02
1.800000e+01 -3.885781e-16 9.091687e-02 9.830711e-02
1.810000e+01 -4.996004e-16 8.938447e-02 9.714455e-02
1.820000e+01 -5.551115e-17 8.786742e-02 9.595765e-02
1.830000e+01 3.885781e-16 8.636783e-02 9.474565e-02
1.840000e+01 -3.330669e-16 8.488769e-02 9.350811e-02
1.850000e+01 -1.665335e-16 8.342881e-02 9.224498e-02
1.860000e+01 -4.440892e-16 8.199283e-02 9.095655e-02
1.870000e+01 -1.110223e-16 8.058117e-02 8.964347e-02
1.880000e+01 4.440892e-16 7.919505e-02 8.830671e-02
1.890000e+01 1.665335e-16 7.783546e-02 8.694758e-02
1.900000e+01 -2.775558e-16 7.650317e-02 8.556771e-02
1.910000e+01 1.110223e-16 7.519871e-02 8.416898e-02
1.920000e+01 0.000000e+00 7.392236e-02 8.275354e-02
1.930000e+01 7.216450e-16 7.267417e-02 8.132378e-02
1.940000e+01 1.110223e-16 7.145394e-02 7.988225e-02
1.950000e+01 -1.665335e-16 7.026123e-02 7.843169e-02
1.960000e+01 0.000000e+00 6.909535e-02 7.697497e-02
1.970000e+01 0.000000e+00 6.795539e-02 7.551501e-02
1.980000e+01 0.000000e+00 6.684023e-02 7.405481e-02
1.990000e+01 -2.220446e-16 6.574859e-02 7.259738e-02
2.000000e+01 -3.885781e-16 6.467900e-02 7.114571e-02
2.010000e+01 6.106227e-16 6.362986e-02 6.970270e-02
2.020000e+01 2.220446e-16 6.259950e-02 6.827118e-02
2.030000e+01 -1.110223e-16 6.158616e-02 6.685386e-02
2.040000e+01 3.330669e-16 6.058811e-02 6.545328e-02
2.050000e+01 -7.216450e-16 5.960363e-02 6.407179e-02
2.060000e+01 -5.551115e-17 5.863108e-02 6.271157e-02
2.070000e+01 1.110223e-16 5.766895e-02 6.137455e-02
2.080000e+01 -2.220446e-16 5.671587e-02 6.006243e-02
2.090000e+01 -3.330669e-16 5.577067e-02 5.877668e-02
2.100000e+01 -5.551115e-17 5.483238e-02 5.751851e-02
2.110000e+01 2.220446e-16 5.390027e-02 5.628887e-02
2.120000e+01 3.885781e-16 5.297384e-02 5.508847e-02
2.130000e+01 5.551115e-17 5.205287e-02 5.391780e-02
2.140000e+01 5.551115e-17 5.113734e-02 5.277709e-02
2.150000e+01 -6.661338e-16 5.022752e-02 5.166641e-02
2.160000e+01 -1.665335e-16 4.932386e-02 5.058559e-02
2.170000e+01 -6.106227e-16 4.842707e-02 4.953434e-02
2.180000e+01 -3.330669e-16 4.753799e-02 4.851220e-02
2.190000e+01 -1.110223e-16 4.665766e-02 4.751860e-02
2.200000e+01 4.440892e-16 4.578724e-02 4.655289e-02
2.210000e+01 0.000000e+00 4.492798e-02 4.561436e-02
2.220000e+01 4.440892e-16 4.408121e-02 4.470225e-02
2.230000e+01 2.220446e-16 4.324828e-02 4.381579e-02
2.240000e+01 0.000000e+00 4.243054e-02 4.295422e-02
2.250000e+01 2.220446e-16 4.162930e-02 4.211683e-02
2.260000e+01 5.551115e-17 4.084580e-02 4.130293e-02
2.270000e+01 7.771561e-16 4.008119e-02 4.051190e-02
2.280000e+01 -3.330669e-16 3.933649e-02 3.974321e-02
2.290000e+01 4.440892e-16 3.861255e-02 3.899637e-02
2.300000e+01 5.551115e-17 3.791007e-02 3.827101e-02
2.310000e+01 1.665335e-16 3.722952e-02 3.756681e-02
2.320000e+01 -2.775558e-16 3.657120e-02 3.688351e-02
2.330000e+01 1.665335e-16 3.593516e-02 3.622094e-02
2.340000e+01 -3.885781e-16 3.532128e-02 3.557895e-02
2.350000e+01 2.220446e-16 3.472918e-02 3.495744e-02
2.360000e+01 -2.220446e-16 3.415830e-02 3.435631e-02
2.370000e+01 -3.885781e-16 3.360788e-02 3.377546e-02
2.380000e+01 7.216450e-16 3.307699e-02 3.321475e-02
2.390000e+01 1.665335e-16 3.256454e-02 3.267401e-02
2.400000e+01 6.661338e-16 3.206932e-02 3.215301e-02
2.410000e+01 5.551115e-17 3.159002e-02 3.165144e-02
2.420000e+01 6.106227e-16 3.112526e-02 3.116889e-02
2.430000e+01 1.665335e-16 3.067362e-02 3.070487e-02
2.440000e+01 -4.996004e-16 3.023366e-02 3.025880e-02
2.450000e+01 -6.106227e-16 2.980396e-02 2.982998e-02
2.460000e+01 5.551115e-16 2.938316e-02 2.941762e-02
2.470000e+01 1.665335e-16 2.896996e-02 2.902087e-02
2.480000e+01 -3.330669e-16 2.856314e-02 2.863876e-02
2.490000e+01 -1.665335e-16 2.816159e-02 2.827029e-02
2.500000e+01 2.220446e-16 2.776432e-02 2.791437e-02
2.510000e+01 -5.551115e-17 2.737048e-02 2.756989e-02
2.520000e+01 3.885781e-16 2.697934e-02 2.723570e-02
2.530000e+01 5.551115e-17 2.659033e-02 2.691063e-02
2.540000e+01 -5.551115e-17 2.620299e-02 2.659351e-02
2.550000e+01 1.665335e-16 2.581702e-02 2.628318e-02
2.560000e+01 0.000000e+00 2.543224e-02 2.597848e-02
2.570000e+01 5.551115e-16 2.504859e-02 2.567831e-02
2.580000e+01 -3.330669e-16 2.466611e-02 2.538157e-02
2.590000e+01 3.330669e-16 2.428495e-02 2.508723e-02
2.600000e+01 5.551115e-17 2.390533e-02 2.479434e-02
2.610000e+01 -1.110223e-16 2.352756e-02 2.450197e-02
2.620000e+01 -7.216450e-16 2.315199e-02 2.420930e-02
2.630000e+01 5.551115e-17 2.277900e-02 2.391558e-02
2.640000e+01 8.881784e-16 2.240903e-02 2.362014e-02
2.650000e+01 -2.775558e-16 2.204250e-02 2.332243e-02
2.660000e+01 -3.330669e-16 2.167985e-02 2.302198e-02
2.670000e+01 -4.996004e-16 2.132151e-02 2.271841e-02
2.680000e+01 -7.216450e-16 2.096789e-02 2.241147e-02
2.690000e+01 -6.106227e-16 2.061937e-02 2.210098e-02
2.700000e+01 3.330669e-16 2.027631e-02 2.178690e-02
2.710000e+01 -2.775558e-16 1.993900e-02 2.146925e-02
2.720000e+01 1.110223e-16 1.960771e-02 2.114817e-02
2.730000e+01 -3.885781e-16 1.928265e-02 2.082390e-02
2.740000e+01 -3.330669e-16 1.896398e-02 2.049672e-02
2.750000e+01 -2.775558e-16 1.865181e-02 2.016703e-02
2.760000e+01 3.330669e-16 1.834616e-02 1.983527e-02
2.770000e+01 -1.665335e-16 1.804705e-02 1.950196e-02
2.780000e+01 -3.330669e-16 1.775439e-02 1.916765e-02
2.790000e+01 -3.885781e-16 1.746807e-02 1.883293e-02
2.800000e+01 -3.885781e-16 1.718790e-02 1.849843e-02
2.810000e+01 3.330669e-16 1.691368e-02 1.816479e-02
2.820000e+01 2.775558e-16 1.664513e-02 1.783263e-02
2.830000e+01 2.775558e-16 1.638194e-02 1.750261e-02
2.840000e+01 7.771561e-16 1.612378e-02 1.717534e-02
2.850000e+01 -4.996004e-16 1.587029e-02 1.685141e-02
2.860000e+01 -1.665335e-16 1.562110e-02 1.653140e-02
2.870000e+01 1.110223e-16 1.537584e-02 1.621581e-02
2.880000e+01 5.551115e-17 1.513414e-02 1.590511e-02
2.890000e+01 2.775558e-16 1.489566e-02 1.559974e-02
2.900000e+01 -5.551115e-17 1.466007e-02 1.530003e-02
2.910000e+01 -1.665335e-16 1.442707e-02 1.500631e-02
2.920000e+01 1.110223e-16 1.419643e-02 1.471879e-02
2.930000e+01 5.551115e-17 1.396794e-02 1.443767e-02
2.940000e+01 1.665335e-16 1.374144e-02 1.416305e-02
2.950000e+01 3.330669e-16 1.351685e-02 1.389500e-02
2.960000e+01 -3.885781e-16 1.329412e-02 1.363353e-02
2.970000e+01 -4.996004e-16 1.307326e-02 1.337859e-02
2.980000e+01 -4.996004e-16 1.285433e-02 1.313012e-02
2.990000e+01 1.665335e-16 1.263745e-02 1.288799e-02
3.000000e+01 1.665335e-16 1.242278e-02 1.265207e-02
3.010000e+01 -5.551115e-16 1.221049e-02 1.242219e-02
3.020000e+01 1.665335e-16 1.200083e-02 1.219817e-02
3.030000e+01 0.000000e+00 1.179403e-02 1.197983e-02
3.040000e+01 2.775558e-16 1.159036e-02 1.176699e-02
3.050000e+01 -4.996004e-16 1.139009e-02 1.155947e-02
3.060000e+01 2.220446e-16 1.119350e-02 1.135709e-02
3.070000e+01 -1.110223e-16 1.100086e-02 1.115972e-02
3.080000e+01 -2.220446e-16 1.081241e-02 1.096720e-02
3.090000e+01 3.885781e-16 1.062840e-02 1.077943e-02
3.100000e+01 -2.220446e-16 1.044903e-02 1.059631e-02
3.110000e+01 1.110223e-16 1.027448e-02 1.041777e-02
3.120000e+01 1.665335e-16 1.010489e-02 1.024375e-02
3.130000e+01 -1.110223e-16 9.940370e-03 1.007422e-02
3.140000e+01 -5.551115e-17 9.780971e-03 9.909176e-03
3.150000e+01 0.000000e+00 9.626716e-03 9.748602e-03
3.160000e+01 3.885781e-16 9.477580e-03 9.592508e-03
3.170000e+01 -1.110223e-16 9.333497e-03 9.440906e-03
3.180000e+01 -5.551115e-17 9.194359e-03 9.293805e-03
3.190000e+01 0.000000e+00 9.060023e-03 9.151212e-03
3.200000e+01 1.110223e-16 8.930307e-03 9.013122e-03
3.210000e+01 3.885781e-16 8.805004e-03 8.879520e-03
3.220000e+01 0.000000e+00 8.683879e-03 8.750369e-03
3.230000e+01 -1.110223e-16 8.566679e-03 8.625613e-03
3.240000e+01 -3.885781e-16 8.453137e-03 8.505176e-03
3.250000e+01 0.000000e+00 8.342977e-03 8.388953e-03
3.260000e+01 0.000000e+00 8.235920e-03 8.276818e-03
3.270000e+01 3.885781e-16 8.131692e-03 8.168617e-03
3.280000e+01 2.775558e-16 8.030026e-03 8.064176e-03
3.290000e+01 3.330669e-16 7.930667e-03 7.963298e-03
3.300000e+01 1.665335e-16 7.833375e-03 7.865766e-03
3.310000e+01 6.661338e-16 7.737932e-03 7.771349e-03
3.320000e+01 4.440892e-16 7.644140e-03 7.679802e-03
3.330000e+01 4.996004e-16 7.551824e-03 7.590870e-03
3.340000e+01 -4.440892e-16 7.460835e-03 7.504292e-03
3.350000e+01 0.000000e+00 7.371046e-03 7.419807e-03
3.360000e+01 0.000000e+00 7.282357e-03 7.337153e-03
3.370000e+01 -3.330669e-16 7.194687e-03 7.256072e-03
3.380000e+01 -1.110223e-16 7.107980e-03 7.176316e-03
3.390000e+01 3.330669e-16 7.022197e-03 7.097646e-03
3.400000e+01 -1.665335e-16 6.937319e-03 7.019835e-03
3.410000e+01 -2.775558e-16 6.853339e-03 6.942674e-03
3.420000e+01 -3.885781e-16 6.770265e-03 6.865972e-03
3.430000e+01 0.000000e+00 6.688113e-03 6.789554e-03
3.440000e+01 2.775558e-16 6.606909e-03 6.713270e-03
3.450000e+01 1.110223e-16 6.526681e-03 6.636991e-03
3.460000e+01 -2.220446e-16 6.447462e-03 6.560610e-03
3.470000e+01 -3.330669e-16 6.369285e-03 6.484043e-03
3.480000e+01 -1.665335e-16 6.292182e-03 6.407232e-03
3.490000e+01 -5.551115e-17 6.216182e-03 6.330140e-03
3.500000e+01 1.665335e-16 6.141310e-03 6.252753e-03
3.510000e+01 1.110223e-16 6.067584e-03 6.175080e-03
3.520000e+01 -2.775558e-16 5.995018e-03 6.097148e-03
3.530000e+01 5.551115e-16 5.923615e-03 6.019005e-03
3.540000e+01 2.775558e-16 5.853374e-03 5.940714e-03
3.550000e+01 -4.440892e-16 5.784283e-03 5.862355e-03
3.560000e+01 1.665335e-16 5.716324e-03 5.784019e-03
3.570000e+01 2.220446e-16 5.649469e-03 5.705807e-03
3.580000e+01 -5.551115e-17 5.583684e-03 5.627831e-03
3.590000e+01 1.110223e-16 5.518926e-03 5.550204e-03
3.600000e+01 4.440892e-16 5.455148e-03 5.473045e-03
3.610000e+01 -8.881784e-16 5.392297e-03 5.396472e-03
3.620000e+01 -5.551115e-17 5.330315e-03 5.320601e-03
3.630000e+01 2.220446e-16 5.269143e-03 5.245545e-03
3.640000e+01 5.551115e-17 5.208721e-03 5.171408e-03
3.650000e+01 2.220446e-16 5.148986e-03 5.098290e-03
3.660000e+01 -1.054712e-15 5.089880e-03 5.026278e-03
3.670000e+01 0.000000e+00 5.031348e-03 4.955451e-03
3.680000e+01 -7.216450e-16 4.973337e-03 4.885874e-03
3.690000e+01 6.661338e-16 4.915803e-03 4.817604e-03
3.700000e+01 1.110223e-16 4.858707e-03 4.750681e-03
3.710000e+01 1.110223e-16 4.802017e-03 4.685136e-03
3.720000e+01 5.551115e-16 4.745713e-03 4.620987e-03
3.730000e+01 1.665335e-16 4.689780e-03 4.558241e-03
3.740000e+01 -5.551115e-17 4.634214e-03 4.496895e-03
3.750000e+01 -1.110223e-16 4.579019e-03 4.436936e-03
3.760000e+01 1.110223e-16 4.524209e-03 4.378343e-03
3.770000e+01 3.330669e-16 4.469806e-03 4.321088e-03
3.780000e+01 1.665335e-16 4.415839e-03 4.265138e-03
3.790000e+01 -5.551115e-17 4.362342e-03 4.210455e-03
3.800000e+01 3.885781e-16 4.309357e-03 4.157000e-03
3.810000e+01 1.110223e-16 4.256930e-03 4.104730e-03
3.820000e+01 1.665335e-16 4.205109e-03 4.053602e-03
3.830000e+01 -8.881784e-16 4.153944e-03 4.003576e-03
3.840000e+01 0.000000e+00 4.103488e-03 3.954612e-03
3.850000e+01 1.665335e-16 4.053790e-03 3.906671e-03
3.860000e+01 3.885781e-16 4.004899e-03 3.859721e-03
3.870000e+01 -2.220446e-16 3.956862e-03 3.813730e-03
3.880000e+01 0.000000e+00 3.909721e-03 3.768671e-03
3.890000e+01 5.551115e-17 3.863513e-03 3.724522e-03
3.900000e+01 -4.440892e-16 3.818271e-03 3.681264e-03
3.910000e+01 5.551115e-17 3.774019e-03 3.638881e-03
3.920000e+01 0.000000e+00 3.730779e-03 3.597360e-03
3.930000e+01 -2.220446e-16 3.688563e-03 3.556694e-03
3.940000e+01 -4.996004e-16 3.647375e-03 3.516874e-03
3.950000e+01 -3.885781e-16 3.607216e-03 3.477896e-03
3.960000e+01 -1.110223e-16 3.568078e-03 3.439755e-03
3.970000e+01 1.110223e-16 3.529946e-03 3.402447e-03
3.980000e+01 -6.106227e-16 3.492800e-03 3.365967e-03
3.990000e+01 1.110223e-16 3.456615e-03 3.330310e-03
4.000000e+01 2.775558e-16 3.421360e-03 3.295467e-03
4.010000e+01 -1.110223e-16 3.387001e-03 3.261430e-03
4.020000e+01 2.775558e-16 3.353500e-03 3.228185e-03
4.030000e+01 2.220446e-16 3.320818e-03 3.195719e-03
4.040000e+01 -4.440892e-16 3.288911e-03 3.164011e-03
4.050000e+01 0.000000e+00 3.257738e-03 3.133040e-03
4.060000e+01 -1.110223e-16 3.227256e-03 3.102782e-03
4.070000e+01 3.885781e-16 3.197420e-03 3.073209e-03
4.080000e+01 2.775558e-16 3.168191e-03 3.044288e-03
4.090000e+01 -5.551115e-17 3.139527e-03 3.015987e-03
4.100000e+01 1.665335e-16 3.111392e-03 2.988269e-03
4.110000e+01 -1.665335e-16 3.083749e-03 2.961097e-03
4.120000e+01 -1.110223e-16 3.056566e-03 2.934431e-03
4.130000e+01 2.775558e-16 3.029813e-03 2.908233e-03
4.140000e+01 -2.220446e-16 3.003463e-03 2.882461e-03
4.150000e+01 1.110223e-16 2.977492e-03 2.857076e-03
4.160000e+01 -2.220446e-16 2.951880e-03 2.832038e-03
4.170000e+01 6.106227e-16 2.926607e-03 2.807311e-03
4.180000e+01 -1.110223e-16 2.901659e-03 2.782856e-03
4.190000e+01 -3.885781e-16 2.877022e-03 2.758642e-03
4.200000e+01 5.551115e-17 2.852685e-03 2.734635e-03
4.210000e+01 -5.551115e-16 2.828638e-03 2.710808e-03
4.220000e+01 -2.220446e-16 2.804873e-03 2.687135e-03
4.230000e+01 3.885781e-16 2.781383e-03 2.663594e-03
4.240000e+01 -2.775558e-16 2.758163e-03 2.640166e-03
4.250000e+01 1.665335e-16 2.735206e-03 2.616836e-03
4.260000e+01 0.000000e+00 2.712507e-03 2.593592e-03
4.270000e+01 5.551115e-17 2.690062e-03 2.570427e-03
4.280000e+01 5.551115e-17 2.667864e-03 2.547335e-03
4.290000e+01 6.661338e-16 2.645909e-03 2.524316e-03
4.300000e+01 1.665335e-16 2.624190e-03 2.501371e-03
4.310000e+01 -5.551115e-17 2.602700e-03 2.478504e-03
4.320000e+01 -5.551115e-17 2.581432e-03 2.455724e-03
4.330000e+01 -1.110223e-16 2.560378e-03 2.433039e-03
4.340000e+01 0.000000e+00 2.539530e-03 2.410460e-03
4.350000e+01 1.110223e-16 2.518878e-03 2.388001e-03
4.360000e+01 -1.110223e-16 2.498414e-03 2.365674e-03
4.370000e+01 -1.665335e-16 2.478126e-03 2.343495e-03
4.380000e+01 -5.551115e-16 2.458005e-03 2.321478e-03
4.390000e+01 6.661338e-16 2.438041e-03 2.299638e-03
4.400000e+01 -9.992007e-16 2.418224e-03 2.277990e-03
4.410000e+01 1.665335e-16 2.398543e-03 2.256549e-03
4.420000e+01 -1.110223e-16 2.378989e-03 2.235327e-03
4.430000e+01 3.330669e-16 2.359554e-03 2.214337e-03
4.440000e+01 3.885781e-16 2.340229e-03 2.193590e-03
4.450000e+01 5.551115e-16 2.321007e-03 2.173095e-03
4.460000e+01 5.551115e-16 2.301883e-03 2.152861e-03
4.470000e+01 1.110223e-16 2.282851e-03 2.132895e-03
4.480000e+01 -3.885781e-16 2.263909e-03 2.113200e-03
4.490000e+01 -3.330669e-16 2.245053e-03 2.093781e-03
4.500000e+01 3.885781e-16 2.226282e-03 2.074640e-03
4.510000e+01 -3.885781e-16 2.207598e-03 2.055777e-03
4.520000e+01 0.000000e+00 2.189003e-03 2.037191e-03
4.530000e+01 -1.665335e-16 2.170498e-03 2.018881e-03
4.540000e+01 -1.110223e-16 2.152090e-03 2.000842e-03
4.550000e+01 -5.551115e-17 2.133782e-03 1.983072e-03
4.560000e+01 -3.330669e-16 2.115583e-03 1.965565e-03
4.570000e+01 0.000000e+00 2.097498e-03 1.948315e-03
4.580000e+01 -2.775558e-16 2.079537e-03 1.931318e-03
4.590000e+01 -2.220446e-16 2.061707e-03 1.914567e-03
4.600000e+01 3.885781e-16 2.044018e-03 1.898055e-03
4.610000e+01 5.551115e-17 2.026479e-03 1.881778e-03
4.620000e+01 1.110223e-16 2.009099e-03 1.865727e-03
4.630000e+01 -1.110223e-16 1.991887e-03 1.849899e-03
4.640000e+01 1.110223e-16 1.974853e-03 1.834286e-03
4.650000e+01 1.054712e-15 1.958003e-03 1.818884e-03
4.660000e+01 1.110223e-16 1.941347e-03 1.803688e-03
4.670000e+01 -5.551115e-17 1.924890e-03 1.788693e-03
4.680000e+01 -7.216450e-16 1.908640e-03 1.773895e-03
4.690000e+01 5.551115e-17 1.892602e-03 1.759291e-03
4.700000e+01 -1.665335e-16 1.876779e-03 1.744878e-03
4.710000e+01 2.220446e-16 1.861177e-03 1.730652e-03
4.720000e+01 5.551115e-17 1.845796e-03 1.716610e-03
4.730000e+01 5.551115e-17 1.830639e-03 1.702751e-03
4.740000e+01 -5.551115e-17 1.815705e-03 1.689071e-03
4.750000e+01 -1.110223e-16 1.800995e-03 1.675570e-03
4.760000e+01 -3.885781e-16 1.786507e-03 1.662243e-03
4.770000e+01 3.330669e-16 1.772239e-03 1.649089e-03
4.780000e+01 3.330669e-16 1.758187e-03 1.636106e-03
4.790000e+01 -2.775558e-16 1.744348e-03 1.623291e-03
4.800000e+01 5.551115e-16 1.730718e-03 1.610641e-03
4.810000e+01 5.551115e-17 1.717290e-03 1.598153e-03
4.820000e+01 1.110223e-16 1.704061e-03 1.585824e-03
4.830000e+01 4.996004e-16 1.691024e-03 1.573650e-03
4.840000e+01 0.000000e+00 1.678174e-03 1.561627e-03
4.850000e+01 -3.885781e-16 1.665503e-03 1.549751e-03
4.860000e+01 0.000000e+00 1.653007e-03 1.538018e-03
4.870000e+01 1.665335e-16 1.640678e-03 1.526422e-03
4.880000e+01 -2.775558e-16 1.628510e-03 1.514960e-03
4.890000e+01 3.330669e-16 1.616497e-03 1.503625e-03
4.900000e+01 -3.330669e-16 1.604634e-03 1.492412e-03
4.910000e+01 -1.665335e-16 1.592913e-03 1.481316e-03
4.920000e+01 2.220446e-16 1.581330e-03 1.470332e-03
4.930000e+01 2.220446e-16 1.569879e-03 1.459453e-03
4.940000e+01 -4.996004e-16 1.558556e-03 1.448676e-03
4.950000e+01 -1.665335e-16 1.547354e-03 1.437995e-03
4.960000e+01 6.106227e-16 1.536269e-03 1.427404e-03
4.970000e+01 2.775558e-16 1.525298e-03 1.416900e-03
4.980000e+01 -4.996004e-16 1.514435e-03 1.406477e-03
4.990000e+01 -4.440892e-16 1.503677e-03 1.396132e-03
5.000000e+01 3.330669e-16 1.493020e-03 1.385861e-03
5.010000e+01 5.551115e-17 1.482460e-03 1.375660e-03
5.020000e+01 7.771561e-16 1.471994e-03 1.365527e-03
5.030000e+01 -1.110223e-16 1.461619e-03 1.355459e-03
5.040000e+01 6.106227e-16 1.451331e-03 1.345455e-03
5.050000e+01 0.000000e+00 1.441127e-03 1.335512e-03
5.060000e+01 2.775558e-16 1.431005e-03 1.325629e-03
5.070000e+01 -4.440892e-16 1.420961e-03 1.315805e-03
5.080000e+01 2.775558e-16 1.410993e-03 1.306041e-03
5.090000e+01 -3.885781e-16 1.401097e-03 1.296335e-03
5.100000e+01 -5.551115e-16 1.391272e-03 1.286688e-03
5.110000e+01 2.220446e-16 1.381514e-03 1.277101e-03
5.120000e+01 -2.220446e-16 1.371822e-03 1.267574e-03
5.130000e+01 -4.996004e-16 1.362192e-03 1.258109e-03
5.140000e+01 1.110223e-16 1.352622e-03 1.248705e-03
5.150000e+01 2.220446e-16 1.343110e-03 1.239365e-03
5.160000e+01 -2.775558e-16 1.333654e-03 1.230090e-03
5.170000e+01 -4.440892e-16 1.324251e-03 1.220882e-03
5.180000e+01 2.775558e-16 1.314901e-03 1.211740e-03
5.190000e+01 -1.054712e-15 1.305601e-03 1.202668e-03
5.200000e+01 5.551115e-17 1.296349e-03 1.193666e-03
5.210000e+01 -5.551115e-17 1.287146e-03 1.184735e-03
5.220000e+01 0.000000e+00 1.277988e-03 1.175876e-03
5.230000e+01 2.220446e-16 1.268876e-03 1.167091e-03
5.240000e+01 2.220446e-16 1.259809e-03 1.158380e-03
5.250000e+01 -5.551115e-16 1.250786e-03 1.149744e-03
5.260000e+01 5.551115e-16 1.241808e-03 1.141184e-03
5.270000e+01 5.551115e-17 1.232873e-03 1.132699e-03
5.280000e+01 3.885781e-16 1.223983e-03 1.124290e-03
5.290000e+01 -1.110223e-16 1.215138e-03 1.115957e-03
5.300000e+01 -5.551115e-17 1.206338e-03 1.107700e-03
5.310000e+01 5.551115e-17 1.197584e-03 1.099519e-03
5.320000e+01 5.551115e-16 1.188878e-03 1.091412e-03
5.330000e+01 -6.661338e-16 1.180220e-03 1.083381e-03
5.340000e+01 3.330669e-16 1.171612e-03 1.075423e-03
5.350000e+01 -2.775558e-16 1.163055e-03 1.067539e-03
5.360000e+01 -2.220446e-16 1.154551e-03 1.059728e-03
5.370000e+01 -5.551115e-17 1.146101e-03 1.051988e-03
5.380000e+01 0.000000e+00 1.137707e-03 1.044320e-03
5.390000e+01 6.106227e-16 1.129370e-03 1.036721e-03
5.400000e+01 2.220446e-16 1.121093e-03 1.029192e-03
5.410000e+01 8.881784e-16 1.112876e-03 1.021732e-03
5.420000e+01 1.110223e-16 1.104722e-03 1.014338e-03
5.430000e+01 3.330669e-16 1.096631e-03 1.007012e-03
5.440000e+01 0.000000e+00 1.088605e-03 9.997508e-04
5.450000e+01 1.665335e-16 1.080646e-03 9.925548e-04
5.460000e+01 -5.551115e-16 1.072754e-03 9.854227e-04
5.470000e+01 1.110223e-16 1.064931e-03 9.783540e-04
5.480000e+01 1.110223e-16 1.057177e-03 9.713477e-04
5.490000e+01 5.551115e-17 1.049494e-03 9.644032e-04
5.500000e+01 -2.220446e-16 1.041881e-03 9.575196e-04
5.510000e+01 1.665335e-16 1.034339e-03 9.506963e-04
5.520000e+01 -1.665335e-16 1.026869e-03 9.439326e-04
5.530000e+01 1.110223e-16 1.019470e-03 9.372277e-04
5.540000e+01 2.220446e-16 1.012143e-03 9.305809e-04
5.550000e+01 -2.220446e-16 1.004886e-03 9.239916e-04
5.560000e+01 8.326673e-16 9.977011e-04 9.174589e-04
