4.000000e-01 -5.551115e-17 4.282122e+00 1.257026e+00
8.000000e-01 0.000000e+00 1.362481e+00 6.144702e-01
1.200000e+00 2.775558e-17 1.040409e+00 2.908556e-01
1.600000e+00 -5.551115e-17 2.141615e+00 5.416762e-01
2.000000e+00 4.857226e-17 2.836949e+00 8.548027e-01
2.400000e+00 1.249001e-16 3.052532e+00 9.833601e-01
2.800000e+00 -8.326673e-17 2.605822e+00 9.608800e-01
3.200000e+00 2.498002e-16 1.780248e+00 8.699936e-01
3.600000e+00 -2.775558e-17 9.666938e-01 7.019337e-01
4.000000e+00 1.110223e-16 1.101186e+00 4.865136e-01
4.400000e+00 -5.551115e-17 1.916787e+00 4.215304e-01
4.800000e+00 3.469447e-17 2.608022e+00 8.012428e-01
5.200000e+00 -2.775558e-17 3.051485e+00 1.091834e+00
5.600000e+00 -1.387779e-16 3.119735e+00 1.150141e+00
6.000000e+00 -1.665335e-16 2.499469e+00 1.003013e+00
6.400000e+00 -1.665335e-16 1.614853e+00 8.512275e-01
6.800000e+00 1.665335e-16 8.586278e-01 6.401773e-01
7.200000e+00 -1.110223e-16 1.234019e+00 4.287456e-01
7.600000e+00 5.551115e-17 2.038767e+00 4.685892e-01
8.000000e+00 -1.665335e-16 2.690871e+00 8.511921e-01
8.400000e+00 -7.979728e-17 3.090953e+00 1.112765e+00
8.800000e+00 5.551115e-17 3.009378e+00 1.107414e+00
9.200000e+00 -1.942890e-16 2.354512e+00 9.648298e-01
9.600000e+00 0.000000e+00 1.431654e+00 7.951032e-01
1.000000e+01 -2.775558e-17 7.686326e-01 5.639890e-01
1.040000e+01 4.163336e-17 1.347575e+00 3.605770e-01
1.080000e+01 1.249001e-16 2.146967e+00 5.343147e-01
1.120000e+01 -1.162265e-16 2.766240e+00 9.171563e-01
1.160000e+01 -4.163336e-17 3.129000e+00 1.147114e+00
1.200000e+01 -1.110223e-16 2.916985e+00 1.086531e+00
1.240000e+01 0.000000e+00 2.225016e+00 9.427193e-01
1.280000e+01 2.220446e-16 1.287246e+00 7.621859e-01
1.320000e+01 -2.220446e-16 7.695727e-01 5.226585e-01
1.360000e+01 1.110223e-16 1.470363e+00 3.351740e-01
1.400000e+01 -1.942890e-16 2.255242e+00 5.928332e-01
1.440000e+01 9.714451e-17 2.840052e+00 9.645433e-01
1.480000e+01 -5.551115e-17 3.168621e+00 1.160991e+00
1.520000e+01 5.551115e-17 2.820706e+00 1.059598e+00
1.560000e+01 -1.942890e-16 2.084846e+00 9.162909e-01
1.600000e+01 2.775558e-17 1.143440e+00 7.257519e-01
1.640000e+01 -2.636780e-16 8.149371e-01 4.790312e-01
1.680000e+01 -5.551115e-17 1.592457e+00 3.267822e-01
1.720000e+01 6.938894e-18 2.355199e+00 6.550712e-01
1.760000e+01 -5.204170e-17 2.903198e+00 1.013676e+00
1.800000e+01 -1.110223e-16 3.187547e+00 1.173122e+00
1.840000e+01 -1.942890e-16 2.725536e+00 1.039878e+00
1.880000e+01 1.665335e-16 1.945016e+00 8.931393e-01
1.920000e+01 3.330669e-16 1.018802e+00 6.923495e-01
1.960000e+01 -1.110223e-16 9.003068e-01 4.430060e-01
2.000000e+01 -1.665335e-16 1.714883e+00 3.471768e-01
2.040000e+01 -2.498002e-16 2.452713e+00 7.131521e-01
2.080000e+01 -6.245005e-17 2.963221e+00 1.051692e+00
2.120000e+01 0.000000e+00 3.192336e+00 1.173081e+00
2.160000e+01 -5.551115e-17 2.630014e+00 1.015493e+00
2.200000e+01 0.000000e+00 1.803574e+00 8.667845e-01
2.240000e+01 2.220446e-16 9.082299e-01 6.584051e-01
2.280000e+01 5.551115e-17 1.006628e+00 4.111430e-01
2.320000e+01 -1.942890e-16 1.834807e+00 3.879085e-01
2.360000e+01 -1.179612e-16 2.543451e+00 7.722887e-01
2.400000e+01 4.857226e-17 3.014708e+00 1.088256e+00
2.440000e+01 8.326673e-17 3.173470e+00 1.178169e+00
2.480000e+01 0.000000e+00 2.536193e+00 9.969602e-01
2.520000e+01 -2.775558e-16 1.666334e+00 8.401050e-01
2.560000e+01 5.551115e-17 8.226960e-01 6.212525e-01
2.600000e+01 -5.551115e-17 1.124826e+00 3.804548e-01
2.640000e+01 0.000000e+00 1.953039e+00 4.368570e-01
2.680000e+01 0.000000e+00 2.631170e+00 8.278561e-01
2.720000e+01 6.938894e-17 3.063148e+00 1.116050e+00
2.760000e+01 -8.326673e-17 3.087892e+00 1.146879e+00
2.800000e+01 5.551115e-17 2.437566e+00 9.792601e-01
2.840000e+01 -1.942890e-16 1.528056e+00 8.132883e-01
2.880000e+01 0.000000e+00 7.606101e-01 5.841884e-01
2.920000e+01 -2.498002e-16 1.244000e+00 3.529614e-01
2.960000e+01 -2.775558e-17 2.063530e+00 4.913281e-01
3.000000e+01 5.681219e-17 2.710183e+00 8.821638e-01
3.040000e+01 1.526557e-16 3.104445e+00 1.140594e+00
3.080000e+01 0.000000e+00 2.993755e+00 1.113798e+00
3.120000e+01 -1.665335e-16 2.323006e+00 9.587670e-01
