5.000000e-01 -5.551115e-17 8.477236e+00 1.745287e+00
1.000000e+00 6.106227e-16 3.916516e+00 1.597985e+00
1.500000e+00 5.551115e-17 2.236661e+00 1.585677e+00
2.000000e+00 -1.110223e-16 1.695185e+00 1.708534e+00
2.500000e+00 6.106227e-16 1.683592e+00 1.757807e+00
3.000000e+00 1.110223e-16 1.751818e+00 1.685050e+00
3.500000e+00 8.326673e-16 1.757342e+00 1.561920e+00
4.000000e+00 -1.110223e-16 1.725768e+00 1.444591e+00
4.500000e+00 1.665335e-16 1.683136e+00 1.360919e+00
5.000000e+00 5.551115e-17 1.636212e+00 1.310448e+00
5.500000e+00 -5.551115e-17 1.595833e+00 1.286070e+00
6.000000e+00 -2.220446e-16 1.571372e+00 1.276624e+00
6.500000e+00 -5.551115e-17 1.563931e+00 1.269687e+00
7.000000e+00 -5.551115e-17 1.567349e+00 1.258184e+00
7.500000e+00 1.110223e-16 1.567929e+00 1.239947e+00
8.000000e+00 5.551115e-16 1.545577e+00 1.212578e+00
8.500000e+00 -5.551115e-16 1.479913e+00 1.170818e+00
9.000000e+00 1.665335e-16 1.358089e+00 1.119187e+00
9.500000e+00 6.106227e-16 1.182393e+00 1.127789e+00
1.000000e+01 0.000000e+00 1.027824e+00 1.218431e+00
1.050000e+01 3.885781e-16 1.111443e+00 1.280084e+00
1.100000e+01 -2.775558e-16 1.153177e+00 1.287087e+00
1.150000e+01 -6.106227e-16 1.143676e+00 1.241998e+00
1.200000e+01 3.885781e-16 1.113613e+00 1.168047e+00
1.250000e+01 -7.771561e-16 1.108610e+00 1.092532e+00
1.300000e+01 -2.220446e-16 1.124489e+00 1.021927e+00
1.350000e+01 -3.330669e-16 1.124314e+00 9.467475e-01
1.400000e+01 -1.110223e-16 1.089997e+00 8.664143e-01
1.450000e+01 1.110223e-16 1.035291e+00 8.025130e-01
1.500000e+01 -4.996004e-16 9.916599e-01 7.938960e-01
1.550000e+01 -9.436896e-16 9.773855e-01 8.150871e-01
1.600000e+01 -1.110223e-16 9.742765e-01 8.142379e-01
1.650000e+01 -4.440892e-16 9.633308e-01 7.845500e-01
1.700000e+01 3.330669e-16 9.402239e-01 7.565709e-01
1.750000e+01 4.440892e-16 9.047843e-01 7.957699e-01
1.800000e+01 2.775558e-16 8.575619e-01 8.578768e-01
1.850000e+01 -6.106227e-16 8.004694e-01 8.988373e-01
1.900000e+01 -4.440892e-16 7.378761e-01 9.113249e-01
1.950000e+01 -1.276756e-15 6.760226e-01 9.029790e-01
2.000000e+01 -8.326673e-16 6.209789e-01 8.901837e-01
2.050000e+01 6.661338e-16 5.717353e-01 8.866746e-01
2.100000e+01 -2.220446e-16 5.888584e-01 8.900770e-01
2.150000e+01 2.220446e-16 5.969036e-01 8.867557e-01
2.200000e+01 -6.106227e-16 5.941582e-01 8.649652e-01
2.250000e+01 -2.775558e-16 5.804105e-01 8.196166e-01
2.300000e+01 -3.330669e-16 5.623762e-01 7.518507e-01
2.350000e+01 8.326673e-16 5.582025e-01 6.668289e-01
2.400000e+01 -1.221245e-15 5.704734e-01 5.717028e-01
2.450000e+01 4.996004e-16 5.945516e-01 4.753049e-01
2.500000e+01 -1.221245e-15 6.224892e-01 3.896011e-01
2.550000e+01 -3.330669e-16 6.392914e-01 3.343727e-01
2.600000e+01 -5.551115e-16 6.348401e-01 3.191486e-01
2.650000e+01 -7.216450e-16 6.067526e-01 3.347251e-01
2.700000e+01 8.881784e-16 5.577242e-01 3.662205e-01
2.750000e+01 -7.216450e-16 4.923849e-01 3.994614e-01
2.800000e+01 5.551115e-16 4.164468e-01 4.256839e-01
2.850000e+01 -7.771561e-16 3.374678e-01 4.389385e-01
2.900000e+01 7.771561e-16 2.668906e-01 4.345822e-01
2.950000e+01 3.330669e-16 2.540979e-01 4.104983e-01
3.000000e+01 -4.440892e-16 2.519448e-01 3.686960e-01
3.050000e+01 2.775558e-16 2.542954e-01 3.155015e-01
3.100000e+01 2.775558e-16 2.637254e-01 2.623680e-01
3.150000e+01 9.992007e-16 2.757265e-01 2.346097e-01
3.200000e+01 0.000000e+00 2.824871e-01 2.267847e-01
3.250000e+01 -8.326673e-16 2.794209e-01 2.223180e-01
3.300000e+01 1.665335e-16 2.658767e-01 2.260114e-01
3.350000e+01 1.110223e-15 2.442280e-01 2.377056e-01
3.400000e+01 -3.330669e-16 2.187355e-01 2.485645e-01
3.450000e+01 4.440892e-16 1.937680e-01 2.518132e-01
3.500000e+01 -8.881784e-16 1.718504e-01 2.451363e-01
3.550000e+01 1.221245e-15 1.530975e-01 2.288622e-01
3.600000e+01 -6.106227e-16 1.365432e-01 2.050408e-01
3.650000e+01 1.609823e-15 1.305799e-01 1.773855e-01
3.700000e+01 -5.551115e-16 1.438843e-01 1.511375e-01
3.750000e+01 2.220446e-16 1.517512e-01 1.306210e-01
3.800000e+01 3.885781e-16 1.538183e-01 1.170756e-01
3.850000e+01 -3.885781e-16 1.506661e-01 1.148953e-01
3.900000e+01 1.665335e-16 1.430654e-01 1.191617e-01
3.950000e+01 7.216450e-16 1.317392e-01 1.229792e-01
4.000000e+01 -1.276756e-15 1.175327e-01 1.236105e-01
