2.000000e+00 -8.326673e-17 1.078321e+00 4.094035e-01
4.000000e+00 -5.551115e-17 3.747367e-01 3.555842e-01
6.000000e+00 1.665335e-16 1.943261e-01 2.285342e-01
8.000000e+00 0.000000e+00 1.966541e-01 1.667802e-01
1.000000e+01 1.665335e-16 1.962828e-01 1.504737e-01
1.200000e+01 5.551115e-17 1.846086e-01 1.373855e-01
1.400000e+01 1.665335e-16 1.657323e-01 1.209907e-01
1.600000e+01 1.665335e-16 1.402525e-01 1.093226e-01
1.800000e+01 0.000000e+00 1.124333e-01 1.021812e-01
2.000000e+01 4.440892e-16 8.683544e-02 9.393510e-02
2.200000e+01 -1.665335e-16 6.787894e-02 8.160716e-02
2.400000e+01 -5.551115e-17 5.595233e-02 6.675414e-02
2.600000e+01 -4.440892e-16 4.956725e-02 5.183195e-02
2.800000e+01 -5.551115e-17 4.494755e-02 4.002590e-02
3.000000e+01 0.000000e+00 3.975891e-02 3.257162e-02
3.200000e+01 2.220446e-16 3.391513e-02 2.774063e-02
3.400000e+01 1.665335e-16 2.853848e-02 2.394761e-02
3.600000e+01 -1.665335e-16 2.462147e-02 2.071864e-02
3.800000e+01 1.110223e-16 2.181976e-02 1.825346e-02
4.000000e+01 1.665335e-16 1.912196e-02 1.662590e-02
4.200000e+01 5.551115e-17 1.609177e-02 1.550412e-02
4.400000e+01 1.110223e-16 1.300493e-02 1.439181e-02
4.600000e+01 -1.665335e-16 1.036011e-02 1.285753e-02
4.800000e+01 5.551115e-17 8.367779e-03 1.087995e-02
5.000000e+01 -1.665335e-16 6.973663e-03 8.785830e-03
5.200000e+01 -1.110223e-16 5.987811e-03 6.954066e-03
5.400000e+01 2.775558e-16 5.121812e-03 5.570638e-03
5.600000e+01 0.000000e+00 4.309125e-03 4.574882e-03
5.800000e+01 3.885781e-16 3.626870e-03 3.810922e-03
6.000000e+01 -5.551115e-16 3.108769e-03 3.190960e-03
6.200000e+01 -2.220446e-16 2.703296e-03 2.708080e-03
6.400000e+01 -5.551115e-17 2.344654e-03 2.358965e-03
6.600000e+01 -1.110223e-16 2.009783e-03 2.099371e-03
6.800000e+01 1.665335e-16 1.710402e-03 1.871256e-03
7.000000e+01 -1.665335e-16 1.460797e-03 1.643667e-03
7.200000e+01 -5.551115e-17 1.259609e-03 1.418093e-03
7.400000e+01 5.551115e-17 1.093293e-03 1.209662e-03
7.600000e+01 1.665335e-16 9.492009e-04 1.029487e-03
7.800000e+01 2.775558e-16 8.222989e-04 8.790690e-04
