4.000000e-01 -5.551115e-17 4.282122e+00 1.257026e+00
8.000000e-01 0.000000e+00 1.362481e+00 6.144702e-01
1.200000e+00 2.775558e-17 1.040409e+00 2.908556e-01
1.600000e+00 -5.551115e-17 2.141615e+00 5.416762e-01
2.000000e+00 4.857226e-17 2.836949e+00 8.548027e-01
2.400000e+00 1.249001e-16 3.052532e+00 9.833601e-01
2.800000e+00 -8.326673e-17 2.605822e+00 9.608800e-01
3.200000e+00 2.498002e-16 1.780248e+00 8.699936e-01
3.600000e+00 -2.775558e-17 9.666938e-01 7.019337e-01
4.000000e+00 1.110223e-16 1.101186e+00 4.865136e-01
4.400000e+00 -5.551115e-17 1.916787e+00 4.215304e-01
4.800000e+00 3.469447e-17 2.608022e+00 8.012428e-01
5.200000e+00 -2.775558e-17 3.051485e+00 1.091834e+00
5.600000e+00 -1.387779e-16 3.119735e+00 1.150141e+00
6.000000e+00 -1.665335e-16 2.499469e+00 1.003013e+00
6.400000e+00 -1.665335e-16 1.614853e+00 8.512275e-01
6.800000e+00 1.665335e-16 8.586278e-01 6.401773e-01
7.200000e+00 -1.110223e-16 1.234019e+00 4.287456e-01
7.600000e+00 5.551115e-17 2.038767e+00 4.685892e-01
8.000000e+00 -1.665335e-16 2.690871e+00 8.511921e-01
8.400000e+00 -7.979728e-17 3.090953e+00 1.112765e+00
8.800000e+00 5.551115e-17 3.009378e+00 1.107414e+00
9.200000e+00 -1.942890e-16 2.354512e+00 9.648298e-01
9.600000e+00 0.000000e+00 1.431654e+00 7.951032e-01
1.000000e+01 -2.775558e-17 7.686326e-01 5.639890e-01
1.040000e+01 4.163336e-17 1.347575e+00 3.605770e-01
1.080000e+01 1.249001e-16 2.146967e+00 5.343147e-01
1.120000e+01 -1.162265e-16 2.766240e+00 9.171563e-01
1.160000e+01 -4.163336e-17 3.129000e+00 1.147114e+00
1.200000e+01 -1.110223e-16 2.916985e+00 1.086531e+00
1.240000e+01 0.000000e+00 2.225016e+00 9.427193e-01
1.280000e+01 2.220446e-16 1.287246e+00 7.621859e-01
1.320000e+01 -2.220446e-16 7.695727e-01 5.226585e-01
1.360000e+01 1.110223e-16 1.470363e+00 3.351740e-01
1.400000e+01 -1.942890e-16 2.255242e+00 5.928332e-01
1.440000e+01 9.714451e-17 2.840052e+00 9.645433e-01
1.480000e+01 -5.551115e-17 3.168621e+00 1.160991e+00
1.520000e+01 5.551115e-17 2.820706e+00 1.059598e+00
1.560000e+01 -1.942890e-16 2.084846e+00 9.162909e-01
1.600000e+01 2.775558e-17 1.143440e+00 7.257519e-01
1.640000e+01 -2.636780e-16 8.149371e-01 4.790312e-01
1.680000e+01 -5.551115e-17 1.592457e+00 3.267822e-01
1.720000e+01 6.938894e-18 2.355199e+00 6.550712e-01
1.760000e+01 -5.204170e-17 2.903198e+00 1.013676e+00
1.800000e+01 -1.110223e-16 3.187547e+00 1.173122e+00
1.840000e+01 -1.942890e-16 2.725536e+00 1.039878e+00
1.880000e+01 1.665335e-16 1.945016e+00 8.931393e-01
1.920000e+01 3.330669e-16 1.018802e+00 6.923495e-01
1.960000e+01 -1.110223e-16 9.003068e-01 4.430060e-01
2.000000e+01 -1.665335e-16 1.714883e+00 3.471768e-01
2.040000e+01 -2.498002e-16 2.452713e+00 7.131521e-01
2.080000e+01 -6.245005e-17 2.963221e+00 1.051692e+00
2.120000e+01 0.000000e+00 3.192336e+00 1.173081e+00
2.160000e+01 -5.551115e-17 2.630014e+00 1.015493e+00
2.200000e+01 0.000000e+00 1.803574e+00 8.667845e-01
2.240000e+01 2.220446e-16 9.082299e-01 6.584051e-01
2.280000e+01 5.551115e-17 1.006628e+00 4.111430e-01
2.320000e+01 -1.942890e-16 1.834807e+00 3.879085e-01
2.360000e+01 -1.179612e-16 2.543451e+00 7.722887e-01
2.400000e+01 4.857226e-17 3.014708e+00 1.088256e+00
2.440000e+01 8.326673e-17 3.173470e+00 1.178169e+00
2.480000e+01 0.000000e+00 2.536193e+00 9.969602e-01
2.520000e+01 -2.775558e-16 1.666334e+00 8.401050e-01
2.560000e+01 5.551115e-17 8.226960e-01 6.212525e-01
2.600000e+01 -5.551115e-17 1.124826e+00 3.804548e-01
2.640000e+01 0.000000e+00 1.953039e+00 4.368570e-01
2.680000e+01 0.000000e+00 2.631170e+00 8.278561e-01
2.720000e+01 6.938894e-17 3.063148e+00 1.116050e+00
2.760000e+01 -8.326673e-17 3.087892e+00 1.146879e+00
2.800000e+01 5.551115e-17 2.437566e+00 9.792601e-01
2.840000e+01 -1.942890e-16 1.528056e+00 8.132883e-01
2.880000e+01 0.000000e+00 7.606101e-01 5.841884e-01
2.920000e+01 -2.498002e-16 1.244000e+00 3.529614e-01
2.960000e+01 -2.775558e-17 2.063530e+00 4.913281e-01
3.000000e+01 5.681219e-17 2.710183e+00 8.821638e-01
3.040000e+01 1.526557e-16 3.104445e+00 1.140594e+00
3.080000e+01 0.000000e+00 2.993755e+00 1.113798e+00
3.120000e+01 -1.665335e-16 2.323006e+00 9.587670e-01
3.160000e+01 -2.775558e-16 1.387956e+00 7.834435e-01
3.200000e+01 0.000000e+00 7.352018e-01 5.454795e-01
3.240000e+01 -1.110223e-16 1.365475e+00 3.307706e-01
3.280000e+01 5.551115e-17 2.170482e+00 5.478754e-01
3.320000e+01 6.938894e-17 2.784393e+00 9.320671e-01
3.360000e+01 -3.469447e-17 3.143232e+00 1.157913e+00
3.400000e+01 1.665335e-16 2.901432e+00 1.084090e+00
3.440000e+01 -8.326673e-17 2.195624e+00 9.355634e-01
3.480000e+01 3.053113e-16 1.248543e+00 7.521294e-01
3.520000e+01 4.718448e-16 7.549437e-01 5.078915e-01
3.560000e+01 -1.665335e-16 1.488761e+00 3.194480e-01
3.600000e+01 1.734723e-16 2.273516e+00 6.066766e-01
3.640000e+01 -5.204170e-17 2.852306e+00 9.797124e-01
3.680000e+01 5.551115e-17 3.177977e+00 1.172125e+00
3.720000e+01 -5.551115e-17 2.803378e+00 1.059526e+00
3.760000e+01 -1.665335e-16 2.058557e+00 9.122004e-01
3.800000e+01 5.551115e-17 1.115378e+00 7.189039e-01
3.840000e+01 -1.665335e-16 8.188362e-01 4.700081e-01
3.880000e+01 0.000000e+00 1.612043e+00 3.253792e-01
3.920000e+01 2.775558e-16 2.373033e+00 6.658792e-01
3.960000e+01 -1.387779e-17 2.915387e+00 1.022541e+00
4.000000e+01 0.000000e+00 3.194282e+00 1.176390e+00
4.040000e+01 1.110223e-16 2.709034e+00 1.036124e+00
4.080000e+01 -2.220446e-16 1.919508e+00 8.886487e-01
4.120000e+01 5.551115e-17 9.938511e-01 6.869591e-01
4.160000e+01 -1.110223e-16 9.120774e-01 4.365804e-01
4.200000e+01 1.387779e-16 1.733830e+00 3.533657e-01
4.240000e+01 -9.367507e-17 2.467743e+00 7.244007e-01
4.280000e+01 5.551115e-17 2.972062e+00 1.060970e+00
4.320000e+01 0.000000e+00 3.192561e+00 1.177241e+00
4.360000e+01 -5.551115e-17 2.614064e+00 1.013041e+00
4.400000e+01 -1.665335e-16 1.780281e+00 8.624022e-01
4.440000e+01 1.110223e-16 8.904484e-01 6.521651e-01
4.480000e+01 2.220446e-16 1.022659e+00 4.049870e-01
4.520000e+01 1.110223e-16 1.853671e+00 3.951798e-01
4.560000e+01 -2.775558e-17 2.558198e+00 7.814757e-01
4.600000e+01 -2.775558e-17 3.023539e+00 1.093592e+00
4.640000e+01 -5.551115e-17 3.167835e+00 1.177702e+00
4.680000e+01 1.110223e-16 2.521035e+00 9.940604e-01
4.720000e+01 -1.665335e-16 1.643681e+00 8.361186e-01
4.760000e+01 2.775558e-17 8.085564e-01 6.158885e-01
4.800000e+01 2.498002e-16 1.142697e+00 3.755745e-01
4.840000e+01 1.942890e-16 1.970753e+00 4.454995e-01
4.880000e+01 -1.301043e-16 2.643945e+00 8.374310e-01
4.920000e+01 1.110223e-16 3.069927e+00 1.121756e+00
4.960000e+01 1.110223e-16 3.073206e+00 1.142690e+00
5.000000e+01 0.000000e+00 2.420535e+00 9.765908e-01
5.040000e+01 0.000000e+00 1.506018e+00 8.087577e-01
5.080000e+01 5.551115e-17 7.529426e-01 5.779437e-01
5.120000e+01 0.000000e+00 1.262051e+00 3.481926e-01
5.160000e+01 5.551115e-17 2.080351e+00 4.998748e-01
5.200000e+01 -9.714451e-17 2.722298e+00 8.900482e-01
5.240000e+01 6.938894e-18 3.111176e+00 1.143623e+00
5.280000e+01 -5.551115e-17 2.980083e+00 1.108903e+00
5.320000e+01 -2.220446e-16 2.303967e+00 9.551627e-01
5.360000e+01 2.220446e-16 1.365581e+00 7.789000e-01
5.400000e+01 2.775558e-17 7.338481e-01 5.399351e-01
5.440000e+01 3.053113e-16 1.384071e+00 3.280169e-01
5.480000e+01 1.179612e-16 2.186391e+00 5.570075e-01
5.520000e+01 9.887924e-17 2.794971e+00 9.401379e-01
5.560000e+01 -9.714451e-17 3.148709e+00 1.161180e+00
5.600000e+01 -5.551115e-17 2.886737e+00 1.080619e+00
5.640000e+01 3.885781e-16 2.175104e+00 9.321482e-01
5.680000e+01 0.000000e+00 1.227551e+00 7.470562e-01
5.720000e+01 0.000000e+00 7.617309e-01 5.018392e-01
5.760000e+01 0.000000e+00 1.507552e+00 3.184682e-01
5.800000e+01 -1.110223e-16 2.289105e+00 6.156407e-01
5.840000e+01 2.775558e-17 2.862497e+00 9.864195e-01
5.880000e+01 -1.110223e-16 3.182677e+00 1.173301e+00
5.920000e+01 2.775558e-17 2.788509e+00 1.055812e+00
5.960000e+01 4.440892e-16 2.037053e+00 9.086620e-01
6.000000e+01 -5.551115e-17 1.095385e+00 7.141209e-01
