8.000000e-02 -2.081668e-17 7.658850e+00 2.041953e+00
1.600000e-01 2.775558e-17 6.298695e+00 1.761945e+00
2.400000e-01 5.551115e-17 5.222578e+00 1.563037e+00
3.200000e-01 1.110223e-16 4.368522e+00 1.430964e+00
4.000000e-01 2.775558e-17 3.689062e+00 1.351432e+00
4.800000e-01 1.665335e-16 3.147649e+00 1.309581e+00
5.600000e-01 -1.665335e-16 2.716216e+00 1.290532e+00
6.400000e-01 5.551115e-17 2.372988e+00 1.282748e+00
7.200000e-01 1.110223e-16 2.100475e+00 1.279589e+00
8.000000e-01 5.551115e-17 1.884305e+00 1.277606e+00
8.800000e-01 1.110223e-16 1.712961e+00 1.274565e+00
9.600000e-01 -1.665335e-16 1.577687e+00 1.269065e+00
1.040000e+00 -5.551115e-17 1.471875e+00 1.260398e+00
1.120000e+00 -2.775558e-16 1.390105e+00 1.248537e+00
1.200000e+00 -1.110223e-16 1.327510e+00 1.233842e+00
1.280000e+00 0.000000e+00 1.279630e+00 1.216750e+00
1.360000e+00 2.220446e-16 1.242605e+00 1.197658e+00
1.440000e+00 5.551115e-16 1.213304e+00 1.176879e+00
1.520000e+00 1.110223e-16 1.189358e+00 1.154695e+00
1.600000e+00 2.775558e-16 1.169067e+00 1.131402e+00
1.680000e+00 -3.885781e-16 1.151256e+00 1.107325e+00
1.760000e+00 5.551115e-17 1.135140e+00 1.082794e+00
1.840000e+00 0.000000e+00 1.120203e+00 1.058139e+00
1.920000e+00 1.110223e-16 1.106103e+00 1.033657e+00
2.000000e+00 1.665335e-16 1.092609e+00 1.009604e+00
2.080000e+00 0.000000e+00 1.079557e+00 9.861810e-01
2.160000e+00 -5.551115e-17 1.066828e+00 9.635348e-01
2.240000e+00 -5.551115e-17 1.054338e+00 9.417625e-01
2.320000e+00 -1.665335e-16 1.042019e+00 9.209136e-01
2.400000e+00 -1.665335e-16 1.029831e+00 9.010052e-01
2.480000e+00 3.330669e-16 1.017745e+00 8.820235e-01
2.560000e+00 1.110223e-16 1.005744e+00 8.639385e-01
2.640000e+00 -3.885781e-16 9.938214e-01 8.467109e-01
2.720000e+00 -1.110223e-16 9.819723e-01 8.302950e-01
2.800000e+00 -5.551115e-17 9.702006e-01 8.146451e-01
2.880000e+00 5.551115e-17 9.585110e-01 7.997154e-01
2.960000e+00 3.330669e-16 9.469077e-01 7.854604e-01
3.040000e+00 1.665335e-16 9.353957e-01 7.718390e-01
3.120000e+00 -5.551115e-16 9.239802e-01 7.588127e-01
3.200000e+00 -1.110223e-16 9.126650e-01 7.463459e-01
3.280000e+00 -2.220446e-16 9.014519e-01 7.344053e-01
3.360000e+00 -1.665335e-16 8.903427e-01 7.229617e-01
3.440000e+00 -5.551115e-17 8.793387e-01 7.119868e-01
3.520000e+00 3.330669e-16 8.684430e-01 7.014549e-01
3.600000e+00 -1.110223e-16 8.576564e-01 6.913424e-01
3.680000e+00 -1.665335e-16 8.469783e-01 6.816271e-01
3.760000e+00 -1.110223e-16 8.364093e-01 6.722875e-01
3.840000e+00 1.110223e-16 8.259490e-01 6.633038e-01
3.920000e+00 -5.551115e-17 8.155966e-01 6.546567e-01
4.000000e+00 1.665335e-16 8.053501e-01 6.463273e-01
4.080000e+00 5.551115e-17 7.952093e-01 6.382985e-01
4.160000e+00 1.110223e-16 7.851740e-01 6.305540e-01
4.240000e+00 -3.885781e-16 7.752428e-01 6.230775e-01
4.320000e+00 2.220446e-16 7.654136e-01 6.158537e-01
4.400000e+00 -1.665335e-16 7.556842e-01 6.088674e-01
4.480000e+00 -2.775558e-16 7.460526e-01 6.021042e-01
4.560000e+00 -1.665335e-16 7.365162e-01 5.955507e-01
4.640000e+00 5.551115e-17 7.270720e-01 5.891931e-01
4.720000e+00 -2.775558e-16 7.177173e-01 5.830189e-01
4.800000e+00 0.000000e+00 7.084490e-01 5.770163e-01
4.880000e+00 -1.110223e-16 6.992647e-01 5.711739e-01
4.960000e+00 5.551115e-17 6.901613e-01 5.654809e-01
5.040000e+00 -3.885781e-16 6.811356e-01 5.599271e-01
5.120000e+00 1.110223e-16 6.721847e-01 5.545026e-01
5.200000e+00 1.110223e-16 6.633056e-01 5.491981e-01
5.280000e+00 1.110223e-16 6.544955e-01 5.440047e-01
5.360000e+00 5.551115e-17 6.457517e-01 5.389141e-01
5.440000e+00 1.665335e-16 6.370717e-01 5.339187e-01
5.520000e+00 5.551115e-17 6.284534e-01 5.290109e-01
5.600000e+00 -1.110223e-16 6.198950e-01 5.241838e-01
5.680000e+00 2.775558e-16 6.113951e-01 5.194310e-01
5.760000e+00 -3.330669e-16 6.029525e-01 5.147463e-01
5.840000e+00 0.000000e+00 5.945661e-01 5.101239e-01
5.920000e+00 0.000000e+00 5.862354e-01 5.055582e-01
6.000000e+00 2.220446e-16 5.779601e-01 5.010443e-01
6.080000e+00 1.665335e-16 5.697403e-01 4.965772e-01
6.160000e+00 6.106227e-16 5.615765e-01 4.921524e-01
6.240000e+00 4.440892e-16 5.534694e-01 4.877656e-01
6.320000e+00 1.110223e-16 5.454204e-01 4.834128e-01
6.400000e+00 -2.220446e-16 5.374309e-01 4.790904e-01
6.480000e+00 5.551115e-17 5.295028e-01 4.747948e-01
6.560000e+00 -1.110223e-16 5.216385e-01 4.705228e-01
6.640000e+00 -1.110223e-16 5.138403e-01 4.662713e-01
6.720000e+00 -5.551115e-17 5.061109e-01 4.620375e-01
6.800000e+00 -1.665335e-16 4.984535e-01 4.578187e-01
6.880000e+00 2.775558e-16 4.908712e-01 4.536125e-01
6.960000e+00 4.440892e-16 4.833674e-01 4.494167e-01
7.040000e+00 -1.665335e-16 4.759456e-01 4.452292e-01
7.120000e+00 2.775558e-16 4.686095e-01 4.410483e-01
7.200000e+00 -2.220446e-16 4.613630e-01 4.368723e-01
7.280000e+00 0.000000e+00 4.542099e-01 4.326997e-01
7.360000e+00 -1.665335e-16 4.471541e-01 4.285295e-01
7.440000e+00 -1.110223e-16 4.401995e-01 4.243605e-01
7.520000e+00 -2.220446e-16 4.333502e-01 4.201919e-01
7.600000e+00 -2.220446e-16 4.266098e-01 4.160231e-01
7.680000e+00 -2.220446e-16 4.199822e-01 4.118537e-01
7.760000e+00 5.551115e-16 4.134711e-01 4.076832e-01
7.840000e+00 -3.885781e-16 4.070799e-01 4.035117e-01
7.920000e+00 7.216450e-16 4.008120e-01 3.993392e-01
8.000000e+00 -3.885781e-16 3.946703e-01 3.951659e-01
8.080000e+00 3.330669e-16 3.886578e-01 3.909923e-01
8.160000e+00 1.110223e-16 3.827771e-01 3.868188e-01
8.240000e+00 0.000000e+00 3.770302e-01 3.826461e-01
8.320000e+00 5.551115e-17 3.714192e-01 3.784751e-01
8.400000e+00 -5.551115e-17 3.659455e-01 3.743065e-01
8.480000e+00 5.551115e-17 3.606104e-01 3.701416e-01
8.560000e+00 -1.665335e-16 3.554145e-01 3.659813e-01
8.640000e+00 2.220446e-16 3.503580e-01 3.618269e-01
8.720000e+00 -5.551115e-16 3.454408e-01 3.576797e-01
8.800000e+00 -6.661338e-16 3.406621e-01 3.535410e-01
8.880000e+00 -5.551115e-17 3.360208e-01 3.494122e-01
8.960000e+00 0.000000e+00 3.315151e-01 3.452948e-01
9.040000e+00 -6.661338e-16 3.271428e-01 3.411903e-01
9.120000e+00 -3.330669e-16 3.229012e-01 3.371002e-01
9.200000e+00 4.996004e-16 3.187871e-01 3.330260e-01
9.280000e+00 -2.775558e-16 3.147968e-01 3.289693e-01
9.360000e+00 -2.220446e-16 3.109262e-01 3.249316e-01
9.440000e+00 -3.885781e-16 3.071708e-01 3.209146e-01
9.520000e+00 -1.110223e-16 3.035256e-01 3.169199e-01
9.600000e+00 -2.220446e-16 2.999856e-01 3.129490e-01
9.680000e+00 -2.220446e-16 2.965452e-01 3.090034e-01
9.760000e+00 -1.110223e-16 2.931987e-01 3.050849e-01
9.840000e+00 2.220446e-16 2.899403e-01 3.011950e-01
9.920000e+00 4.440892e-16 2.867641e-01 2.973352e-01
1.000000e+01 3.330669e-16 2.836641e-01 2.935072e-01
1.008000e+01 3.885781e-16 2.806343e-01 2.897124e-01
1.016000e+01 -2.220446e-16 2.776689e-01 2.859524e-01
1.024000e+01 0.000000e+00 2.747622e-01 2.822288e-01
1.032000e+01 0.000000e+00 2.719085e-01 2.785430e-01
1.040000e+01 2.775558e-16 2.691024e-01 2.748966e-01
1.048000e+01 -5.551115e-17 2.663388e-01 2.712909e-01
1.056000e+01 -3.330669e-16 2.636129e-01 2.677275e-01
1.064000e+01 1.110223e-16 2.609200e-01 2.642077e-01
1.072000e+01 1.110223e-16 2.582560e-01 2.607329e-01
1.080000e+01 3.330669e-16 2.556170e-01 2.573043e-01
1.088000e+01 -4.440892e-16 2.529995e-01 2.539232e-01
1.096000e+01 2.775558e-16 2.504003e-01 2.505908e-01
1.104000e+01 -6.661338e-16 2.478166e-01 2.473081e-01
1.112000e+01 1.665335e-16 2.452461e-01 2.440761e-01
1.120000e+01 -1.110223e-16 2.426868e-01 2.408958e-01
1.128000e+01 1.665335e-16 2.401371e-01 2.377679e-01
1.136000e+01 -4.440892e-16 2.375957e-01 2.346933e-01
1.144000e+01 -1.110223e-16 2.350617e-01 2.316723e-01
1.152000e+01 1.665335e-16 2.325346e-01 2.287056e-01
1.160000e+01 -1.110223e-16 2.300142e-01 2.257935e-01
1.168000e+01 -5.551115e-17 2.275006e-01 2.229361e-01
1.176000e+01 -3.885781e-16 2.249942e-01 2.201335e-01
1.184000e+01 0.000000e+00 2.224958e-01 2.173858e-01
1.192000e+01 1.665335e-16 2.200062e-01 2.146927e-01
1.200000e+01 2.775558e-16 2.175267e-01 2.120539e-01
1.208000e+01 5.551115e-17 2.150586e-01 2.094690e-01
1.216000e+01 -5.551115e-17 2.126037e-01 2.069374e-01
1.224000e+01 0.000000e+00 2.101635e-01 2.044584e-01
1.232000e+01 5.551115e-16 2.077399e-01 2.020313e-01
1.240000e+01 0.000000e+00 2.053350e-01 1.996552e-01
1.248000e+01 -2.220446e-16 2.029507e-01 1.973292e-01
1.256000e+01 -1.665335e-16 2.005891e-01 1.950522e-01
1.264000e+01 -6.661338e-16 1.982522e-01 1.928230e-01
1.272000e+01 1.110223e-16 1.959420e-01 1.906407e-01
1.280000e+01 -5.551115e-17 1.936605e-01 1.885039e-01
1.288000e+01 -5.551115e-17 1.914095e-01 1.864116e-01
1.296000e+01 2.775558e-16 1.891909e-01 1.843624e-01
1.304000e+01 5.551115e-17 1.870062e-01 1.823551e-01
1.312000e+01 -7.216450e-16 1.848568e-01 1.803886e-01
1.320000e+01 -5.551115e-16 1.827441e-01 1.784616e-01
1.328000e+01 0.000000e+00 1.806690e-01 1.765731e-01
1.336000e+01 2.220446e-16 1.786324e-01 1.747218e-01
1.344000e+01 -5.551115e-17 1.766349e-01 1.729067e-01
1.352000e+01 -4.996004e-16 1.746768e-01 1.711269e-01
1.360000e+01 -2.220446e-16 1.727582e-01 1.693813e-01
1.368000e+01 -1.110223e-16 1.708790e-01 1.676690e-01
1.376000e+01 -1.110223e-16 1.690389e-01 1.659892e-01
1.384000e+01 5.551115e-17 1.672371e-01 1.643412e-01
1.392000e+01 0.000000e+00 1.654728e-01 1.627241e-01
1.400000e+01 -2.220446e-16 1.637450e-01 1.611372e-01
1.408000e+01 -6.106227e-16 1.620522e-01 1.595800e-01
1.416000e+01 0.000000e+00 1.603932e-01 1.580517e-01
1.424000e+01 2.775558e-16 1.587662e-01 1.565518e-01
1.432000e+01 -3.330669e-16 1.571693e-01 1.550798e-01
1.440000e+01 -9.992007e-16 1.556008e-01 1.536349e-01
1.448000e+01 0.000000e+00 1.540585e-01 1.522167e-01
1.456000e+01 -2.775558e-16 1.525404e-01 1.508245e-01
1.464000e+01 0.000000e+00 1.510443e-01 1.494578e-01
1.472000e+01 -4.440892e-16 1.495680e-01 1.481159e-01
1.480000e+01 -4.440892e-16 1.481093e-01 1.467982e-01
1.488000e+01 -2.775558e-16 1.466661e-01 1.455039e-01
1.496000e+01 3.330669e-16 1.452361e-01 1.442324e-01
1.504000e+01 6.661338e-16 1.438173e-01 1.429827e-01
1.512000e+01 -1.110223e-16 1.424077e-01 1.417540e-01
1.520000e+01 2.775558e-16 1.410054e-01 1.405455e-01
1.528000e+01 3.885781e-16 1.396087e-01 1.393561e-01
1.536000e+01 -1.110223e-16 1.382158e-01 1.381847e-01
1.544000e+01 -3.330669e-16 1.368252e-01 1.370304e-01
1.552000e+01 -7.771561e-16 1.354357e-01 1.358919e-01
1.560000e+01 5.551115e-17 1.340460e-01 1.347680e-01
1.568000e+01 1.110223e-16 1.326551e-01 1.336574e-01
1.576000e+01 -5.551115e-17 1.312622e-01 1.325589e-01
1.584000e+01 -2.775558e-16 1.298667e-01 1.314710e-01
1.592000e+01 5.551115e-17 1.284680e-01 1.303923e-01
1.600000e+01 -2.775558e-16 1.270659e-01 1.293214e-01
1.608000e+01 -5.551115e-17 1.256602e-01 1.282567e-01
1.616000e+01 2.775558e-16 1.242510e-01 1.271969e-01
1.624000e+01 -2.775558e-16 1.228386e-01 1.261405e-01
1.632000e+01 -2.220446e-16 1.214232e-01 1.250858e-01
1.640000e+01 1.665335e-16 1.200054e-01 1.240315e-01
1.648000e+01 -5.551115e-17 1.185859e-01 1.229760e-01
1.656000e+01 -1.110223e-16 1.171653e-01 1.219180e-01
1.664000e+01 5.551115e-17 1.157446e-01 1.208561e-01
1.672000e+01 -4.996004e-16 1.143248e-01 1.197889e-01
1.680000e+01 2.220446e-16 1.129068e-01 1.187151e-01
1.688000e+01 -1.110223e-16 1.114917e-01 1.176337e-01
1.696000e+01 -2.220446e-16 1.100808e-01 1.165434e-01
1.704000e+01 3.885781e-16 1.086752e-01 1.154432e-01
1.712000e+01 3.885781e-16 1.072761e-01 1.143324e-01
1.720000e+01 4.440892e-16 1.058846e-01 1.132101e-01
1.728000e+01 5.551115e-17 1.045021e-01 1.120756e-01
1.736000e+01 1.665335e-16 1.031296e-01 1.109284e-01
1.744000e+01 4.996004e-16 1.017683e-01 1.097682e-01
1.752000e+01 1.665335e-16 1.004193e-01 1.085947e-01
1.760000e+01 -1.110223e-16 9.908351e-02 1.074077e-01
1.768000e+01 1.110223e-16 9.776202e-02 1.062073e-01
1.776000e+01 5.551115e-17 9.645566e-02 1.049936e-01
1.784000e+01 3.885781e-16 9.516523e-02 1.037670e-01
1.792000e+01 -3.330669e-16 9.389141e-02 1.025279e-01
1.800000e+01 -3.885781e-16 9.263482e-02 1.012769e-01
1.808000e+01 3.885781e-16 9.139595e-02 1.000147e-01
1.816000e+01 -6.661338e-16 9.017519e-02 9.874206e-02
1.824000e+01 1.110223e-16 8.897281e-02 9.745998e-02
1.832000e+01 1.110223e-16 8.778897e-02 9.616947e-02
1.840000e+01 -1.665335e-16 8.662371e-02 9.487169e-02
1.848000e+01 6.106227e-16 8.547698e-02 9.356785e-02
1.856000e+01 -5.551115e-16 8.434858e-02 9.225924e-02
1.864000e+01 7.216450e-16 8.323823e-02 9.094722e-02
1.872000e+01 2.220446e-16 8.214553e-02 8.963321e-02
1.880000e+01 -5.551115e-16 8.106998e-02 8.831864e-02
1.888000e+01 -5.551115e-17 8.001098e-02 8.700500e-02
1.896000e+01 5.551115e-17 7.896788e-02 8.569377e-02
1.904000e+01 -7.771561e-16 7.793993e-02 8.438643e-02
1.912000e+01 -6.106227e-16 7.692632e-02 8.308447e-02
1.920000e+01 1.665335e-16 7.592621e-02 8.178934e-02
1.928000e+01 1.110223e-16 7.493872e-02 8.050246e-02
1.936000e+01 -1.054712e-15 7.396294e-02 7.922521e-02
1.944000e+01 1.110223e-16 7.299799e-02 7.795891e-02
1.952000e+01 2.220446e-16 7.204297e-02 7.670482e-02
1.960000e+01 -2.220446e-16 7.109702e-02 7.546412e-02
1.968000e+01 -4.996004e-16 7.015934e-02 7.423792e-02
1.976000e+01 -2.775558e-16 6.922917e-02 7.302725e-02
1.984000e+01 1.110223e-16 6.830581e-02 7.183302e-02
1.992000e+01 -1.110223e-16 6.738865e-02 7.065606e-02
2.000000e+01 -4.996004e-16 6.647719e-02 6.949712e-02
2.008000e+01 -2.220446e-16 6.557099e-02 6.835683e-02
2.016000e+01 2.775558e-16 6.466973e-02 6.723572e-02
2.024000e+01 3.330669e-16 6.377320e-02 6.613423e-02
2.032000e+01 5.551115e-16 6.288130e-02 6.505269e-02
2.040000e+01 -2.220446e-16 6.199402e-02 6.399135e-02
2.048000e+01 2.220446e-16 6.111147e-02 6.295036e-02
2.056000e+01 -5.551115e-17 6.023388e-02 6.192979e-02
2.064000e+01 5.551115e-17 5.936155e-02 6.092963e-02
2.072000e+01 -3.330669e-16 5.849488e-02 5.994980e-02
2.080000e+01 0.000000e+00 5.763437e-02 5.899016e-02
2.088000e+01 2.220446e-16 5.678058e-02 5.805050e-02
2.096000e+01 -1.665335e-16 5.593413e-02 5.713057e-02
2.104000e+01 3.885781e-16 5.509571e-02 5.623009e-02
2.112000e+01 -1.110223e-16 5.426605e-02 5.534872e-02
2.120000e+01 5.551115e-17 5.344590e-02 5.448613e-02
2.128000e+01 -1.665335e-16 5.263603e-02 5.364196e-02
2.136000e+01 -9.992007e-16 5.183723e-02 5.281583e-02
2.144000e+01 1.665335e-16 5.105027e-02 5.200739e-02
2.152000e+01 -7.216450e-16 5.027591e-02 5.121626e-02
2.160000e+01 -2.775558e-16 4.951485e-02 5.044211e-02
2.168000e+01 -1.110223e-16 4.876779e-02 4.968460e-02
2.176000e+01 2.220446e-16 4.803533e-02 4.894343e-02
2.184000e+01 2.220446e-16 4.731805e-02 4.821831e-02
2.192000e+01 -5.551115e-17 4.661641e-02 4.750899e-02
2.200000e+01 -1.665335e-16 4.593082e-02 4.681523e-02
2.208000e+01 -1.665335e-16 4.526159e-02 4.613685e-02
2.216000e+01 1.665335e-16 4.460894e-02 4.547367e-02
2.224000e+01 -2.775558e-16 4.397298e-02 4.482554e-02
2.232000e+01 -3.885781e-16 4.335373e-02 4.419233e-02
2.240000e+01 2.220446e-16 4.275112e-02 4.357395e-02
2.248000e+01 2.775558e-16 4.216494e-02 4.297028e-02
2.256000e+01 -6.106227e-16 4.159493e-02 4.238125e-02
2.264000e+01 -1.110223e-16 4.104071e-02 4.180678e-02
2.272000e+01 5.551115e-17 4.050182e-02 4.124676e-02
2.280000e+01 1.665335e-16 3.997771e-02 4.070111e-02
2.288000e+01 -2.220446e-16 3.946778e-02 4.016971e-02
2.296000e+01 0.000000e+00 3.897135e-02 3.965241e-02
2.304000e+01 0.000000e+00 3.848769e-02 3.914906e-02
2.312000e+01 1.110223e-16 3.801604e-02 3.865947e-02
2.320000e+01 -1.110223e-16 3.755559e-02 3.818339e-02
2.328000e+01 -1.110223e-16 3.710552e-02 3.772057e-02
2.336000e+01 3.885781e-16 3.666502e-02 3.727070e-02
2.344000e+01 0.000000e+00 3.623326e-02 3.683342e-02
2.352000e+01 0.000000e+00 3.580942e-02 3.640836e-02
2.360000e+01 -1.665335e-16 3.539273e-02 3.599507e-02
2.368000e+01 -1.110223e-16 3.498244e-02 3.559310e-02
2.376000e+01 -1.110223e-16 3.457784e-02 3.520194e-02
2.384000e+01 4.440892e-16 3.417827e-02 3.482106e-02
2.392000e+01 1.110223e-16 3.378311e-02 3.444988e-02
2.400000e+01 -9.436896e-16 3.339183e-02 3.408781e-02
2.408000e+01 -2.220446e-16 3.300393e-02 3.373423e-02
2.416000e+01 -3.330669e-16 3.261901e-02 3.338850e-02
2.424000e+01 6.661338e-16 3.223669e-02 3.304999e-02
2.432000e+01 3.885781e-16 3.185671e-02 3.271802e-02
2.440000e+01 -3.885781e-16 3.147883e-02 3.239193e-02
2.448000e+01 -2.220446e-16 3.110290e-02 3.207106e-02
2.456000e+01 7.216450e-16 3.072882e-02 3.175475e-02
2.464000e+01 3.885781e-16 3.035654e-02 3.144234e-02
2.472000e+01 1.665335e-16 2.998609e-02 3.113319e-02
2.480000e+01 5.551115e-17 2.961753e-02 3.082669e-02
2.488000e+01 2.775558e-16 2.925094e-02 3.052223e-02
2.496000e+01 -5.551115e-17 2.888648e-02 3.021923e-02
2.504000e+01 2.220446e-16 2.852432e-02 2.991716e-02
2.512000e+01 1.665335e-16 2.816465e-02 2.961550e-02
2.520000e+01 1.665335e-16 2.780769e-02 2.931378e-02
2.528000e+01 0.000000e+00 2.745367e-02 2.901157e-02
2.536000e+01 -2.220446e-16 2.710282e-02 2.870848e-02
2.544000e+01 -1.110223e-16 2.675540e-02 2.840417e-02
2.552000e+01 1.665335e-16 2.641163e-02 2.809834e-02
2.560000e+01 -4.996004e-16 2.607175e-02 2.779075e-02
2.568000e+01 -8.326673e-16 2.573599e-02 2.748121e-02
2.576000e+01 1.665335e-16 2.540454e-02 2.716958e-02
2.584000e+01 -6.106227e-16 2.507761e-02 2.685577e-02
2.592000e+01 4.440892e-16 2.475535e-02 2.653975e-02
2.600000e+01 1.665335e-16 2.443791e-02 2.622153e-02
2.608000e+01 0.000000e+00 2.412542e-02 2.590118e-02
2.616000e+01 -1.110223e-16 2.381795e-02 2.557882e-02
2.624000e+01 1.110223e-16 2.351559e-02 2.525461e-02
2.632000e+01 7.216450e-16 2.321835e-02 2.492874e-02
2.640000e+01 5.551115e-17 2.292624e-02 2.460147e-02
2.648000e+01 2.775558e-16 2.263923e-02 2.427308e-02
2.656000e+01 5.551115e-17 2.235727e-02 2.394387e-02
2.664000e+01 1.665335e-16 2.208025e-02 2.361418e-02
2.672000e+01 5.551115e-17 2.180807e-02 2.328439e-02
2.680000e+01 -5.551115e-17 2.154057e-02 2.295487e-02
2.688000e+01 1.665335e-16 2.127758e-02 2.262602e-02
2.696000e+01 -2.220446e-16 2.101890e-02 2.229825e-02
2.704000e+01 -2.220446e-16 2.076432e-02 2.197196e-02
2.712000e+01 -1.110223e-16 2.051359e-02 2.164756e-02
2.720000e+01 5.551115e-17 2.026648e-02 2.132546e-02
2.728000e+01 0.000000e+00 2.002271e-02 2.100606e-02
2.736000e+01 3.330669e-16 1.978202e-02 2.068972e-02
2.744000e+01 3.885781e-16 1.954415e-02 2.037682e-02
2.752000e+01 -3.885781e-16 1.930883e-02 2.006768e-02
2.760000e+01 4.996004e-16 1.907581e-02 1.976263e-02
2.768000e+01 3.885781e-16 1.884484e-02 1.946194e-02
2.776000e+01 4.996004e-16 1.861571e-02 1.916588e-02
2.784000e+01 2.220446e-16 1.838820e-02 1.887467e-02
2.792000e+01 3.330669e-16 1.816214e-02 1.858850e-02
2.800000e+01 -3.885781e-16 1.793737e-02 1.830752e-02
2.808000e+01 1.110223e-16 1.771378e-02 1.803186e-02
2.816000e+01 -3.330669e-16 1.749126e-02 1.776161e-02
2.824000e+01 -2.775558e-16 1.726977e-02 1.749681e-02
2.832000e+01 -1.110223e-16 1.704928e-02 1.723751e-02
2.840000e+01 6.661338e-16 1.682979e-02 1.698370e-02
2.848000e+01 2.775558e-16 1.661136e-02 1.673534e-02
2.856000e+01 -8.326673e-16 1.639404e-02 1.649238e-02
2.864000e+01 -3.885781e-16 1.617796e-02 1.625474e-02
2.872000e+01 -1.110223e-16 1.596322e-02 1.602233e-02
2.880000e+01 2.775558e-16 1.575000e-02 1.579503e-02
2.888000e+01 -4.996004e-16 1.553845e-02 1.557273e-02
2.896000e+01 -2.775558e-16 1.532879e-02 1.535529e-02
2.904000e+01 0.000000e+00 1.512122e-02 1.514258e-02
2.912000e+01 0.000000e+00 1.491595e-02 1.493445e-02
2.920000e+01 -4.996004e-16 1.471321e-02 1.473076e-02
2.928000e+01 5.551115e-17 1.451324e-02 1.453138e-02
2.936000e+01 -2.775558e-16 1.431626e-02 1.433618e-02
2.944000e+01 3.885781e-16 1.412249e-02 1.414504e-02
2.952000e+01 0.000000e+00 1.393215e-02 1.395784e-02
2.960000e+01 4.440892e-16 1.374544e-02 1.377448e-02
2.968000e+01 -2.775558e-16 1.356255e-02 1.359487e-02
2.976000e+01 3.885781e-16 1.338365e-02 1.341894e-02
2.984000e+01 5.551115e-17 1.320888e-02 1.324662e-02
2.992000e+01 -3.330669e-16 1.303838e-02 1.307787e-02
3.000000e+01 5.551115e-17 1.287224e-02 1.291265e-02
3.008000e+01 -2.220446e-16 1.271054e-02 1.275094e-02
3.016000e+01 -3.885781e-16 1.255332e-02 1.259271e-02
3.024000e+01 5.551115e-17 1.240059e-02 1.243798e-02
3.032000e+01 0.000000e+00 1.225236e-02 1.228673e-02
3.040000e+01 -1.665335e-16 1.210857e-02 1.213899e-02
3.048000e+01 -3.330669e-16 1.196918e-02 1.199475e-02
3.056000e+01 7.771561e-16 1.183407e-02 1.185404e-02
3.064000e+01 -4.996004e-16 1.170314e-02 1.171685e-02
3.072000e+01 5.551115e-17 1.157625e-02 1.158321e-02
3.080000e+01 -1.665335e-16 1.145324e-02 1.145309e-02
3.088000e+01 3.330669e-16 1.133393e-02 1.132650e-02
3.096000e+01 -7.216450e-16 1.121814e-02 1.120342e-02
3.104000e+01 1.665335e-16 1.110567e-02 1.108380e-02
3.112000e+01 4.996004e-16 1.099629e-02 1.096762e-02
3.120000e+01 3.885781e-16 1.088980e-02 1.085480e-02
3.128000e+01 -2.775558e-16 1.078598e-02 1.074528e-02
3.136000e+01 3.330669e-16 1.068462e-02 1.063896e-02
3.144000e+01 1.110223e-16 1.058550e-02 1.053575e-02
3.152000e+01 3.330669e-16 1.048841e-02 1.043554e-02
3.160000e+01 -1.110223e-16 1.039316e-02 1.033818e-02
3.168000e+01 -3.330669e-16 1.029956e-02 1.024355e-02
3.176000e+01 4.440892e-16 1.020744e-02 1.015148e-02
3.184000e+01 4.440892e-16 1.011663e-02 1.006183e-02
3.192000e+01 0.000000e+00 1.002701e-02 9.974417e-03
3.200000e+01 1.665335e-16 9.938425e-03 9.889074e-03
3.208000e+01 5.551115e-17 9.850782e-03 9.805619e-03
3.216000e+01 0.000000e+00 9.763980e-03 9.723873e-03
3.224000e+01 -3.885781e-16 9.677941e-03 9.643651e-03
3.232000e+01 5.551115e-17 9.592604e-03 9.564772e-03
3.240000e+01 4.440892e-16 9.507921e-03 9.487055e-03
3.248000e+01 4.440892e-16 9.423859e-03 9.410325e-03
3.256000e+01 2.220446e-16 9.340398e-03 9.334409e-03
3.264000e+01 -1.665335e-16 9.257530e-03 9.259144e-03
3.272000e+01 1.665335e-16 9.175258e-03 9.184372e-03
3.280000e+01 3.885781e-16 9.093593e-03 9.109945e-03
3.288000e+01 -1.665335e-16 9.012553e-03 9.035726e-03
3.296000e+01 1.110223e-16 8.932163e-03 8.961588e-03
3.304000e+01 -5.551115e-17 8.852454e-03 8.887417e-03
3.312000e+01 5.551115e-17 8.773457e-03 8.813111e-03
3.320000e+01 3.885781e-16 8.695207e-03 8.738582e-03
3.328000e+01 -1.665335e-16 8.617738e-03 8.663756e-03
3.336000e+01 1.110223e-16 8.541084e-03 8.588572e-03
3.344000e+01 -5.551115e-17 8.465279e-03 8.512986e-03
3.352000e+01 2.775558e-16 8.390350e-03 8.436966e-03
3.360000e+01 1.665335e-16 8.316324e-03 8.360494e-03
3.368000e+01 2.775558e-16 8.243223e-03 8.283569e-03
3.376000e+01 -1.110223e-16 8.171062e-03 8.206201e-03
3.384000e+01 7.771561e-16 8.099852e-03 8.128412e-03
3.392000e+01 -2.775558e-16 8.029598e-03 8.050240e-03
3.400000e+01 -3.885781e-16 7.960298e-03 7.971731e-03
3.408000e+01 4.440892e-16 7.891945e-03 7.892942e-03
3.416000e+01 0.000000e+00 7.824523e-03 7.813941e-03
3.424000e+01 0.000000e+00 7.758012e-03 7.734801e-03
3.432000e+01 4.440892e-16 7.692385e-03 7.655605e-03
3.440000e+01 -3.885781e-16 7.627609e-03 7.576439e-03
3.448000e+01 -5.551115e-17 7.563646e-03 7.497395e-03
3.456000e+01 -2.220446e-16 7.500453e-03 7.418566e-03
3.464000e+01 -4.440892e-16 7.437982e-03 7.340049e-03
3.472000e+01 -1.110223e-16 7.376183e-03 7.261938e-03
3.480000e+01 3.330669e-16 7.315003e-03 7.184328e-03
3.488000e+01 3.330669e-16 7.254386e-03 7.107311e-03
3.496000e+01 -4.996004e-16 7.194276e-03 7.030975e-03
3.504000e+01 -2.220446e-16 7.134617e-03 6.955404e-03
3.512000e+01 3.330669e-16 7.075354e-03 6.880675e-03
3.520000e+01 1.665335e-16 7.016435e-03 6.806862e-03
3.528000e+01 -5.551115e-17 6.957809e-03 6.734028e-03
3.536000e+01 2.220446e-16 6.899431e-03 6.662230e-03
3.544000e+01 -5.551115e-17 6.841258e-03 6.591519e-03
3.552000e+01 0.000000e+00 6.783255e-03 6.521935e-03
3.560000e+01 3.330669e-16 6.725392e-03 6.453510e-03
3.568000e+01 -4.440892e-16 6.667644e-03 6.386270e-03
3.576000e+01 5.551115e-17 6.609994e-03 6.320230e-03
3.584000e+01 3.330669e-16 6.552433e-03 6.255401e-03
3.592000e+01 2.220446e-16 6.494957e-03 6.191782e-03
3.600000e+01 2.775558e-16 6.437572e-03 6.129369e-03
3.608000e+01 -4.440892e-16 6.380288e-03 6.068151e-03
3.616000e+01 1.110223e-16 6.323123e-03 6.008109e-03
3.624000e+01 -2.775558e-16 6.266103e-03 5.949222e-03
3.632000e+01 5.551115e-17 6.209258e-03 5.891464e-03
3.640000e+01 4.440892e-16 6.152623e-03 5.834805e-03
3.648000e+01 1.110223e-16 6.096239e-03 5.779213e-03
3.656000e+01 1.110223e-16 6.040152e-03 5.724655e-03
3.664000e+01 -1.110223e-16 5.984408e-03 5.671095e-03
3.672000e+01 -3.330669e-16 5.929058e-03 5.618497e-03
3.680000e+01 1.665335e-16 5.874155e-03 5.566828e-03
3.688000e+01 -5.551115e-17 5.819752e-03 5.516052e-03
3.696000e+01 -2.775558e-16 5.765901e-03 5.466138e-03
3.704000e+01 -1.110223e-16 5.712654e-03 5.417054e-03
3.712000e+01 -3.885781e-16 5.660064e-03 5.368773e-03
3.720000e+01 -1.110223e-16 5.608179e-03 5.321269e-03
3.728000e+01 -1.665335e-16 5.557044e-03 5.274519e-03
3.736000e+01 3.330669e-16 5.506702e-03 5.228503e-03
3.744000e+01 -6.106227e-16 5.457191e-03 5.183205e-03
3.752000e+01 -1.665335e-16 5.408546e-03 5.138612e-03
3.760000e+01 4.996004e-16 5.360795e-03 5.094712e-03
3.768000e+01 2.775558e-16 5.313963e-03 5.051500e-03
3.776000e+01 -1.110223e-16 5.268069e-03 5.008968e-03
3.784000e+01 -6.106227e-16 5.223125e-03 4.967115e-03
3.792000e+01 -2.220446e-16 5.179139e-03 4.925940e-03
3.800000e+01 -2.775558e-16 5.136115e-03 4.885443e-03
3.808000e+01 -1.665335e-16 5.094047e-03 4.845626e-03
3.816000e+01 -3.330669e-16 5.052929e-03 4.806491e-03
3.824000e+01 -4.440892e-16 5.012746e-03 4.768041e-03
3.832000e+01 5.551115e-17 4.973481e-03 4.730277e-03
3.840000e+01 -2.220446e-16 4.935111e-03 4.693201e-03
3.848000e+01 2.220446e-16 4.897610e-03 4.656814e-03
3.856000e+01 7.216450e-16 4.860949e-03 4.621115e-03
3.864000e+01 1.665335e-16 4.825095e-03 4.586099e-03
3.872000e+01 -5.551115e-17 4.790014e-03 4.551763e-03
3.880000e+01 -7.216450e-16 4.755669e-03 4.518099e-03
3.888000e+01 2.775558e-16 4.722022e-03 4.485096e-03
3.896000e+01 -2.220446e-16 4.689035e-03 4.452743e-03
3.904000e+01 -1.110223e-16 4.656668e-03 4.421024e-03
3.912000e+01 0.000000e+00 4.624884e-03 4.389922e-03
3.920000e+01 -2.775558e-16 4.593644e-03 4.359417e-03
3.928000e+01 7.771561e-16 4.562911e-03 4.329485e-03
3.936000e+01 1.165734e-15 4.532651e-03 4.300101e-03
3.944000e+01 5.551115e-17 4.502829e-03 4.271239e-03
3.952000e+01 1.110223e-16 4.473414e-03 4.242870e-03
3.960000e+01 4.440892e-16 4.444377e-03 4.214963e-03
3.968000e+01 -5.551115e-16 4.415691e-03 4.187487e-03
3.976000e+01 -3.330669e-16 4.387331e-03 4.160409e-03
3.984000e+01 -1.665335e-16 4.359275e-03 4.133696e-03
3.992000e+01 2.220446e-16 4.331505e-03 4.107314e-03
4.000000e+01 2.220446e-16 4.304003e-03 4.081230e-03
4.008000e+01 2.775558e-16 4.276755e-03 4.055411e-03
4.016000e+01 -3.330669e-16 4.249748e-03 4.029825e-03
4.024000e+01 1.665335e-16 4.222974e-03 4.004440e-03
4.032000e+01 -2.220446e-16 4.196423e-03 3.979226e-03
4.040000e+01 3.885781e-16 4.170089e-03 3.954156e-03
4.048000e+01 -1.665335e-16 4.143967e-03 3.929201e-03
4.056000e+01 1.665335e-16 4.118053e-03 3.904337e-03
4.064000e+01 0.000000e+00 4.092345e-03 3.879543e-03
4.072000e+01 -4.996004e-16 4.066841e-03 3.854797e-03
4.080000e+01 2.775558e-16 4.041540e-03 3.830083e-03
4.088000e+01 -2.220446e-16 4.016440e-03 3.805385e-03
4.096000e+01 2.220446e-16 3.991541e-03 3.780690e-03
4.104000e+01 1.110223e-16 3.966841e-03 3.755990e-03
4.112000e+01 -6.661338e-16 3.942340e-03 3.731276e-03
4.120000e+01 -7.216450e-16 3.918036e-03 3.706545e-03
4.128000e+01 2.220446e-16 3.893927e-03 3.681795e-03
4.136000e+01 -1.110223e-16 3.870010e-03 3.657026e-03
4.144000e+01 5.551115e-17 3.846283e-03 3.632242e-03
4.152000e+01 0.000000e+00 3.822740e-03 3.607446e-03
4.160000e+01 -9.436896e-16 3.799376e-03 3.582648e-03
4.168000e+01 6.661338e-16 3.776187e-03 3.557855e-03
4.176000e+01 -2.220446e-16 3.753165e-03 3.533079e-03
4.184000e+01 -1.110223e-16 3.730304e-03 3.508331e-03
4.192000e+01 -5.551115e-17 3.707594e-03 3.483624e-03
4.200000e+01 -4.440892e-16 3.685029e-03 3.458973e-03
4.208000e+01 1.110223e-16 3.662598e-03 3.434392e-03
4.216000e+01 3.330669e-16 3.640291e-03 3.409898e-03
4.224000e+01 1.665335e-16 3.618100e-03 3.385504e-03
4.232000e+01 4.996004e-16 3.596015e-03 3.361227e-03
4.240000e+01 0.000000e+00 3.574024e-03 3.337082e-03
4.248000e+01 -3.885781e-16 3.552119e-03 3.313084e-03
4.256000e+01 1.665335e-16 3.530290e-03 3.289247e-03
4.264000e+01 2.220446e-16 3.508527e-03 3.265585e-03
4.272000e+01 -1.110223e-16 3.486822e-03 3.242109e-03
4.280000e+01 8.881784e-16 3.465168e-03 3.218832e-03
4.288000e+01 0.000000e+00 3.443557e-03 3.195764e-03
4.296000e+01 0.000000e+00 3.421982e-03 3.172915e-03
4.304000e+01 1.665335e-16 3.400440e-03 3.150291e-03
4.312000e+01 -3.885781e-16 3.378925e-03 3.127900e-03
4.320000e+01 6.106227e-16 3.357435e-03 3.105747e-03
4.328000e+01 -1.665335e-16 3.335969e-03 3.083836e-03
4.336000e+01 -4.440892e-16 3.314525e-03 3.062170e-03
4.344000e+01 2.220446e-16 3.293106e-03 3.040751e-03
4.352000e+01 -2.220446e-16 3.271712e-03 3.019579e-03
4.360000e+01 1.665335e-16 3.250348e-03 2.998653e-03
4.368000e+01 -1.110223e-16 3.229018e-03 2.977972e-03
4.376000e+01 1.665335e-16 3.207728e-03 2.957533e-03
4.384000e+01 -5.551115e-17 3.186483e-03 2.937334e-03
4.392000e+01 -2.775558e-16 3.165293e-03 2.917370e-03
4.400000e+01 -4.996004e-16 3.144165e-03 2.897637e-03
4.408000e+01 7.216450e-16 3.123109e-03 2.878131e-03
4.416000e+01 1.665335e-16 3.102134e-03 2.858847e-03
4.424000e+01 1.665335e-16 3.081251e-03 2.839778e-03
4.432000e+01 -1.665335e-16 3.060470e-03 2.820920e-03
4.440000e+01 -4.996004e-16 3.039802e-03 2.802268e-03
4.448000e+01 -4.440892e-16 3.019259e-03 2.783815e-03
4.456000e+01 3.330669e-16 2.998850e-03 2.765558e-03
4.464000e+01 -5.551115e-17 2.978588e-03 2.747492e-03
4.472000e+01 -4.996004e-16 2.958481e-03 2.729612e-03
4.480000e+01 3.885781e-16 2.938540e-03 2.711913e-03
4.488000e+01 -1.110223e-16 2.918775e-03 2.694392e-03
4.496000e+01 2.220446e-16 2.899195e-03 2.677046e-03
4.504000e+01 -4.440892e-16 2.879807e-03 2.659872e-03
4.512000e+01 -2.775558e-16 2.860619e-03 2.642867e-03
4.520000e+01 -1.665335e-16 2.841637e-03 2.626029e-03
4.528000e+01 2.220446e-16 2.822867e-03 2.609357e-03
4.536000e+01 0.000000e+00 2.804314e-03 2.592849e-03
4.544000e+01 2.220446e-16 2.785981e-03 2.576503e-03
4.552000e+01 5.551115e-17 2.767872e-03 2.560319e-03
4.560000e+01 -3.330669e-16 2.749988e-03 2.544297e-03
4.568000e+01 4.440892e-16 2.732330e-03 2.528435e-03
4.576000e+01 -1.110223e-16 2.714899e-03 2.512734e-03
4.584000e+01 -5.551115e-16 2.697692e-03 2.497193e-03
4.592000e+01 -1.665335e-16 2.680710e-03 2.481811e-03
4.600000e+01 -5.551115e-17 2.663949e-03 2.466589e-03
4.608000e+01 -6.106227e-16 2.647405e-03 2.451524e-03
4.616000e+01 4.440892e-16 2.631077e-03 2.436618e-03
4.624000e+01 2.220446e-16 2.614958e-03 2.421868e-03
4.632000e+01 1.054712e-15 2.599044e-03 2.407273e-03
4.640000e+01 -5.551115e-16 2.583331e-03 2.392831e-03
4.648000e+01 1.665335e-16 2.567812e-03 2.378542e-03
4.656000e+01 3.885781e-16 2.552481e-03 2.364401e-03
4.664000e+01 4.996004e-16 2.537332e-03 2.350407e-03
4.672000e+01 -5.551115e-17 2.522360e-03 2.336557e-03
4.680000e+01 -2.220446e-16 2.507558e-03 2.322847e-03
4.688000e+01 0.000000e+00 2.492919e-03 2.309273e-03
4.696000e+01 2.220446e-16 2.478438e-03 2.295832e-03
4.704000e+01 1.110223e-16 2.464109e-03 2.282519e-03
4.712000e+01 -5.551115e-17 2.449924e-03 2.269329e-03
4.720000e+01 2.775558e-16 2.435880e-03 2.256258e-03
4.728000e+01 3.330669e-16 2.421969e-03 2.243300e-03
4.736000e+01 4.996004e-16 2.408188e-03 2.230451e-03
4.744000e+01 -1.665335e-16 2.394530e-03 2.217704e-03
4.752000e+01 -1.110223e-16 2.380991e-03 2.205056e-03
4.760000e+01 -1.665335e-16 2.367568e-03 2.192499e-03
4.768000e+01 4.440892e-16 2.354254e-03 2.180030e-03
4.776000e+01 -6.106227e-16 2.341047e-03 2.167643e-03
4.784000e+01 -2.220446e-16 2.327943e-03 2.155332e-03
4.792000e+01 -1.110223e-16 2.314939e-03 2.143093e-03
4.800000e+01 4.996004e-16 2.302031e-03 2.130920e-03
4.808000e+01 -1.110223e-16 2.289216e-03 2.118811e-03
4.816000e+01 6.106227e-16 2.276492e-03 2.106760e-03
4.824000e+01 1.110223e-16 2.263855e-03 2.094763e-03
4.832000e+01 2.775558e-16 2.251304e-03 2.082818e-03
4.840000e+01 3.330669e-16 2.238836e-03 2.070921e-03
4.848000e+01 1.110223e-16 2.226449e-03 2.059069e-03
4.856000e+01 -3.330669e-16 2.214141e-03 2.047260e-03
4.864000e+01 0.000000e+00 2.201908e-03 2.035492e-03
4.872000e+01 0.000000e+00 2.189750e-03 2.023764e-03
4.880000e+01 -5.551115e-16 2.177664e-03 2.012074e-03
4.888000e+01 2.220446e-16 2.165648e-03 2.000423e-03
4.896000e+01 5.551115e-17 2.153700e-03 1.988808e-03
4.904000e+01 3.330669e-16 2.141817e-03 1.977231e-03
4.912000e+01 2.220446e-16 2.129998e-03 1.965692e-03
4.920000e+01 -5.551115e-17 2.118240e-03 1.954191e-03
4.928000e+01 3.885781e-16 2.106542e-03 1.942730e-03
4.936000e+01 3.885781e-16 2.094901e-03 1.931309e-03
4.944000e+01 -2.220446e-16 2.083314e-03 1.919930e-03
4.952000e+01 -4.440892e-16 2.071780e-03 1.908596e-03
4.960000e+01 4.440892e-16 2.060296e-03 1.897306e-03
4.968000e+01 -1.665335e-16 2.048861e-03 1.886064e-03
4.976000e+01 1.665335e-16 2.037472e-03 1.874872e-03
4.984000e+01 -2.220446e-16 2.026126e-03 1.863731e-03
4.992000e+01 -1.665335e-16 2.014823e-03 1.852644e-03
5.000000e+01 5.551115e-17 2.003561e-03 1.841612e-03
5.008000e+01 1.665335e-16 1.992337e-03 1.830638e-03
5.016000e+01 -4.440892e-16 1.981150e-03 1.819724e-03
5.024000e+01 5.551115e-16 1.969999e-03 1.808871e-03
5.032000e+01 1.110223e-16 1.958882e-03 1.798082e-03
5.040000e+01 -2.775558e-16 1.947798e-03 1.787358e-03
5.048000e+01 -3.330669e-16 1.936747e-03 1.776701e-03
5.056000e+01 2.775558e-16 1.925727e-03 1.766111e-03
5.064000e+01 -5.551115e-17 1.914738e-03 1.755591e-03
5.072000e+01 -1.665335e-16 1.903781e-03 1.745141e-03
5.080000e+01 1.110223e-16 1.892854e-03 1.734763e-03
5.088000e+01 2.220446e-16 1.881959e-03 1.724456e-03
5.096000e+01 -5.551115e-17 1.871095e-03 1.714222e-03
5.104000e+01 -4.996004e-16 1.860264e-03 1.704061e-03
5.112000e+01 6.661338e-16 1.849465e-03 1.693972e-03
5.120000e+01 -2.775558e-16 1.838701e-03 1.683957e-03
5.128000e+01 -4.440892e-16 1.827972e-03 1.674015e-03
5.136000e+01 -2.220446e-16 1.817280e-03 1.664146e-03
5.144000e+01 -1.110223e-16 1.806627e-03 1.654349e-03
5.152000e+01 -2.775558e-16 1.796014e-03 1.644625e-03
5.160000e+01 1.665335e-16 1.785443e-03 1.634972e-03
5.168000e+01 -3.330669e-16 1.774916e-03 1.625391e-03
5.176000e+01 2.220446e-16 1.764435e-03 1.615880e-03
5.184000e+01 3.885781e-16 1.754002e-03 1.606438e-03
5.192000e+01 -3.885781e-16 1.743620e-03 1.597066e-03
5.200000e+01 5.551115e-16 1.733291e-03 1.587763e-03
5.208000e+01 4.440892e-16 1.723016e-03 1.578527e-03
5.216000e+01 -2.220446e-16 1.712798e-03 1.569358e-03
5.224000e+01 2.775558e-16 1.702640e-03 1.560255e-03
5.232000e+01 2.220446e-16 1.692543e-03 1.551218e-03
5.240000e+01 -6.661338e-16 1.682509e-03 1.542245e-03
5.248000e+01 -7.771561e-16 1.672540e-03 1.533337e-03
5.256000e+01 -3.330669e-16 1.662638e-03 1.524492e-03
5.264000e+01 -5.551115e-17 1.652805e-03 1.515711e-03
5.272000e+01 -9.436896e-16 1.643041e-03 1.506992e-03
5.280000e+01 -5.551115e-17 1.633349e-03 1.498335e-03
5.288000e+01 6.106227e-16 1.623729e-03 1.489739e-03
5.296000e+01 2.775558e-16 1.614184e-03 1.481205e-03
5.304000e+01 -3.330669e-16 1.604712e-03 1.472731e-03
5.312000e+01 5.551115e-17 1.595316e-03 1.464317e-03
5.320000e+01 -5.551115e-16 1.585995e-03 1.455964e-03
5.328000e+01 3.885781e-16 1.576751e-03 1.447669e-03
5.336000e+01 7.216450e-16 1.567583e-03 1.439434e-03
5.344000e+01 -1.110223e-16 1.558491e-03 1.431257e-03
5.352000e+01 3.330669e-16 1.549475e-03 1.423138e-03
5.360000e+01 4.440892e-16 1.540536e-03 1.415078e-03
5.368000e+01 2.775558e-16 1.531671e-03 1.407075e-03
5.376000e+01 1.110223e-16 1.522882e-03 1.399128e-03
5.384000e+01 1.110223e-16 1.514167e-03 1.391238e-03
5.392000e+01 -2.220446e-16 1.505525e-03 1.383404e-03
5.400000e+01 3.885781e-16 1.496956e-03 1.375625e-03
5.408000e+01 -1.665335e-16 1.488459e-03 1.367901e-03
5.416000e+01 2.220446e-16 1.480032e-03 1.360231e-03
5.424000e+01 -2.220446e-16 1.471675e-03 1.352614e-03
5.432000e+01 -5.551115e-17 1.463386e-03 1.345049e-03
5.440000e+01 2.220446e-16 1.455164e-03 1.337536e-03
5.448000e+01 -5.551115e-17 1.447008e-03 1.330074e-03
5.456000e+01 -2.220446e-16 1.438916e-03 1.322662e-03
5.464000e+01 -1.110223e-16 1.430888e-03 1.315299e-03
5.472000e+01 -3.330669e-16 1.422922e-03 1.307984e-03
5.480000e+01 3.330669e-16 1.415016e-03 1.300716e-03
5.488000e+01 2.775558e-16 1.407169e-03 1.293494e-03
5.496000e+01 -3.885781e-16 1.399381e-03 1.286317e-03
5.504000e+01 5.551115e-16 1.391649e-03 1.279184e-03
5.512000e+01 3.885781e-16 1.383973e-03 1.272094e-03
5.520000e+01 1.110223e-16 1.376350e-03 1.265046e-03
5.528000e+01 4.996004e-16 1.368781e-03 1.258039e-03
5.536000e+01 -2.775558e-16 1.361263e-03 1.251072e-03
5.544000e+01 0.000000e+00 1.353796e-03 1.244144e-03
5.552000e+01 1.110223e-16 1.346378e-03 1.237254e-03
5.560000e+01 -6.106227e-16 1.339008e-03 1.230401e-03
5.568000e+01 -5.551115e-17 1.331685e-03 1.223585e-03
5.576000e+01 6.661338e-16 1.324409e-03 1.216803e-03
5.584000e+01 -1.665335e-16 1.317177e-03 1.210057e-03
5.592000e+01 -2.775558e-16 1.309990e-03 1.203344e-03
5.600000e+01 -6.106227e-16 1.302845e-03 1.196665e-03
5.608000e+01 4.440892e-16 1.295742e-03 1.190019e-03
5.616000e+01 3.885781e-16 1.288681e-03 1.183405e-03
5.624000e+01 3.330669e-16 1.281659e-03 1.176822e-03
5.632000e+01 -5.551115e-17 1.274677e-03 1.170271e-03
5.640000e+01 -3.330669e-16 1.267733e-03 1.163752e-03
5.648000e+01 -5.551115e-17 1.260826e-03 1.157262e-03
5.656000e+01 2.220446e-16 1.253956e-03 1.150804e-03
5.664000e+01 2.220446e-16 1.247122e-03 1.144376e-03
5.672000e+01 -2.220446e-16 1.240323e-03 1.137978e-03
5.680000e+01 1.665335e-16 1.233558e-03 1.131610e-03
5.688000e+01 2.220446e-16 1.226826e-03 1.125273e-03
5.696000e+01 3.885781e-16 1.220127e-03 1.118966e-03
5.704000e+01 3.330669e-16 1.213461e-03 1.112689e-03
5.712000e+01 1.665335e-16 1.206825e-03 1.106443e-03
5.720000e+01 -5.551115e-17 1.200221e-03 1.100227e-03
5.728000e+01 1.110223e-16 1.193646e-03 1.094043e-03
5.736000e+01 3.885781e-16 1.187101e-03 1.087889e-03
5.744000e+01 -1.110223e-16 1.180585e-03 1.081766e-03
5.752000e+01 3.885781e-16 1.174098e-03 1.075675e-03
5.760000e+01 1.665335e-16 1.167638e-03 1.069615e-03
5.768000e+01 1.665335e-16 1.161207e-03 1.063587e-03
5.776000e+01 3.330669e-16 1.154802e-03 1.057591e-03
5.784000e+01 -7.216450e-16 1.148425e-03 1.051628e-03
5.792000e+01 3.885781e-16 1.142074e-03 1.045697e-03
5.800000e+01 1.110223e-16 1.135750e-03 1.039798e-03
5.808000e+01 1.665335e-16 1.129452e-03 1.033932e-03
5.816000e+01 3.885781e-16 1.123180e-03 1.028099e-03
5.824000e+01 -4.440892e-16 1.116934e-03 1.022299e-03
5.832000e+01 -1.110223e-16 1.110714e-03 1.016533e-03
5.840000e+01 -3.885781e-16 1.104521e-03 1.010799e-03
5.848000e+01 -1.110223e-16 1.098353e-03 1.005099e-03
5.856000e+01 0.000000e+00 1.092212e-03 9.994328e-04
5.864000e+01 0.000000e+00 1.086097e-03 9.937995e-04
5.872000e+01 1.110223e-16 1.080009e-03 9.881997e-04
5.880000e+01 -1.110223e-16 1.073947e-03 9.826333e-04
5.888000e+01 -4.440892e-16 1.067912e-03 9.771002e-04
5.896000e+01 0.000000e+00 1.061905e-03 9.716004e-04
5.904000e+01 -8.326673e-16 1.055925e-03 9.661339e-04
5.912000e+01 -6.106227e-16 1.049974e-03 9.607004e-04
5.920000e+01 6.106227e-16 1.044051e-03 9.553000e-04
5.928000e+01 1.665335e-16 1.038156e-03 9.499325e-04
5.936000e+01 5.551115e-16 1.032291e-03 9.445977e-04
5.944000e+01 -5.551115e-17 1.026455e-03 9.392955e-04
5.952000e+01 -2.775558e-16 1.020649e-03 9.340258e-04
5.960000e+01 2.220446e-16 1.014874e-03 9.287883e-04
5.968000e+01 -3.330669e-16 1.009129e-03 9.235830e-04
5.976000e+01 6.661338e-16 1.003415e-03 9.184096e-04
5.984000e+01 1.110223e-16 9.977336e-04 9.132680e-04
