1.000000e-02 -8.673617e-19 3.332117e+00 1.031676e+00
2.000000e-02 3.469447e-18 3.288221e+00 1.019982e+00
3.000000e-02 8.673617e-18 3.245086e+00 1.008522e+00
4.000000e-02 6.938894e-18 3.202697e+00 9.972893e-01
5.000000e-02 -3.469447e-18 3.161040e+00 9.862795e-01
6.000000e-02 6.938894e-18 3.120099e+00 9.754884e-01
7.000000e-02 3.469447e-18 3.079860e+00 9.649122e-01
8.000000e-02 6.938894e-18 3.040308e+00 9.545477e-01
9.000000e-02 -6.938894e-18 3.001431e+00 9.443922e-01
1.000000e-01 -6.938894e-18 2.963213e+00 9.344436e-01
1.100000e-01 6.938894e-18 2.925643e+00 9.246999e-01
1.200000e-01 -1.387779e-17 2.888706e+00 9.151598e-01
1.300000e-01 -6.938894e-18 2.852390e+00 9.058222e-01
1.400000e-01 -6.938894e-18 2.816682e+00 8.966861e-01
1.500000e-01 -1.387779e-17 2.781569e+00 8.877511e-01
1.600000e-01 0.000000e+00 2.747039e+00 8.790167e-01
1.700000e-01 1.387779e-17 2.713081e+00 8.704830e-01
1.800000e-01 -2.775558e-17 2.679682e+00 8.621500e-01
1.900000e-01 4.163336e-17 2.646831e+00 8.540178e-01
2.000000e-01 -2.775558e-17 2.614516e+00 8.460868e-01
2.100000e-01 4.163336e-17 2.582727e+00 8.383575e-01
2.200000e-01 -4.163336e-17 2.551453e+00 8.308304e-01
2.300000e-01 2.775558e-17 2.520682e+00 8.235061e-01
2.400000e-01 0.000000e+00 2.490405e+00 8.163852e-01
2.500000e-01 -1.387779e-17 2.460612e+00 8.094684e-01
2.600000e-01 2.775558e-17 2.431292e+00 8.027563e-01
2.700000e-01 1.387779e-17 2.402436e+00 7.962496e-01
2.800000e-01 0.000000e+00 2.374035e+00 7.899489e-01
2.900000e-01 0.000000e+00 2.346079e+00 7.838548e-01
3.000000e-01 5.551115e-17 2.318560e+00 7.779677e-01
3.100000e-01 1.387779e-17 2.291468e+00 7.722882e-01
3.200000e-01 -2.775558e-17 2.264795e+00 7.668165e-01
3.300000e-01 0.000000e+00 2.238534e+00 7.615529e-01
3.400000e-01 -2.775558e-17 2.212675e+00 7.564975e-01
3.500000e-01 -2.775558e-17 2.187211e+00 7.516502e-01
3.600000e-01 4.163336e-17 2.162135e+00 7.470108e-01
3.700000e-01 -1.387779e-17 2.137439e+00 7.425789e-01
3.800000e-01 0.000000e+00 2.113116e+00 7.383539e-01
3.900000e-01 -4.163336e-17 2.089159e+00 7.343352e-01
4.000000e-01 2.775558e-17 2.065561e+00 7.305216e-01
4.100000e-01 2.775558e-17 2.042317e+00 7.269120e-01
4.200000e-01 0.000000e+00 2.019419e+00 7.235049e-01
4.300000e-01 -2.775558e-17 1.996861e+00 7.202986e-01
4.400000e-01 -1.110223e-16 1.974638e+00 7.172910e-01
4.500000e-01 2.775558e-17 1.952744e+00 7.144800e-01
4.600000e-01 -1.665335e-16 1.931174e+00 7.118630e-01
4.700000e-01 0.000000e+00 1.909921e+00 7.094371e-01
4.800000e-01 -1.110223e-16 1.888982e+00 7.071993e-01
4.900000e-01 0.000000e+00 1.868350e+00 7.051461e-01
5.000000e-01 -2.775558e-17 1.848022e+00 7.032739e-01
5.100000e-01 0.000000e+00 1.827992e+00 7.015786e-01
5.200000e-01 8.326673e-17 1.808256e+00 7.000560e-01
5.300000e-01 -5.551115e-17 1.788809e+00 6.987017e-01
5.400000e-01 1.387779e-16 1.769648e+00 6.975109e-01
5.500000e-01 5.551115e-17 1.750769e+00 6.964784e-01
5.600000e-01 2.775558e-17 1.732166e+00 6.955993e-01
5.700000e-01 -8.326673e-17 1.713838e+00 6.948680e-01
5.800000e-01 -2.220446e-16 1.695779e+00 6.942789e-01
5.900000e-01 -5.551115e-17 1.677986e+00 6.938263e-01
6.000000e-01 8.326673e-17 1.660456e+00 6.935044e-01
6.100000e-01 -2.775558e-17 1.643185e+00 6.933073e-01
6.200000e-01 -2.775558e-17 1.626171e+00 6.932288e-01
6.300000e-01 -2.775558e-17 1.609409e+00 6.932630e-01
6.400000e-01 -2.775558e-17 1.592897e+00 6.934038e-01
6.500000e-01 -8.326673e-17 1.576631e+00 6.936452e-01
6.600000e-01 2.775558e-17 1.560608e+00 6.939812e-01
6.700000e-01 0.000000e+00 1.544826e+00 6.944060e-01
6.800000e-01 2.775558e-17 1.529282e+00 6.949137e-01
6.900000e-01 5.551115e-17 1.513972e+00 6.954988e-01
7.000000e-01 8.326673e-17 1.498893e+00 6.961559e-01
7.100000e-01 1.665335e-16 1.484043e+00 6.968796e-01
7.200000e-01 2.775558e-17 1.469419e+00 6.976650e-01
7.300000e-01 -8.326673e-17 1.455018e+00 6.985074e-01
7.400000e-01 2.775558e-17 1.440837e+00 6.994023e-01
7.500000e-01 0.000000e+00 1.426873e+00 7.003456e-01
7.600000e-01 0.000000e+00 1.413124e+00 7.013334e-01
7.700000e-01 -2.775558e-17 1.399586e+00 7.023622e-01
7.800000e-01 1.387779e-16 1.386256e+00 7.034292e-01
7.900000e-01 -5.551115e-17 1.373132e+00 7.045316e-01
8.000000e-01 1.665335e-16 1.360211e+00 7.056674e-01
8.100000e-01 0.000000e+00 1.347490e+00 7.068349e-01
8.200000e-01 -1.387779e-16 1.334967e+00 7.080331e-01
8.300000e-01 -1.387779e-16 1.322638e+00 7.092614e-01
8.400000e-01 1.110223e-16 1.310501e+00 7.105203e-01
8.500000e-01 1.110223e-16 1.298554e+00 7.118107e-01
8.600000e-01 -5.551115e-17 1.286793e+00 7.131347e-01
8.700000e-01 5.551115e-17 1.275217e+00 7.144951e-01
8.800000e-01 -8.326673e-17 1.263823e+00 7.158962e-01
8.900000e-01 -1.387779e-16 1.252610e+00 7.173437e-01
9.000000e-01 -5.551115e-17 1.241577e+00 7.188450e-01
9.100000e-01 8.326673e-17 1.230721e+00 7.204097e-01
9.200000e-01 5.551115e-17 1.220042e+00 7.220499e-01
9.300000e-01 -5.551115e-17 1.209541e+00 7.237813e-01
9.400000e-01 -8.326673e-17 1.199217e+00 7.256235e-01
9.500000e-01 5.551115e-17 1.189073e+00 7.276019e-01
9.600000e-01 0.000000e+00 1.179109e+00 7.297491e-01
9.700000e-01 -2.775558e-17 1.169331e+00 7.321074e-01
9.800000e-01 0.000000e+00 1.159744e+00 7.347321e-01
9.900000e-01 1.387779e-16 1.150353e+00 7.376970e-01
1.000000e+00 8.326673e-17 1.141170e+00 7.411016e-01
1.010000e+00 0.000000e+00 1.132207e+00 7.450826e-01
1.020000e+00 1.110223e-16 1.123481e+00 7.498312e-01
1.030000e+00 5.551115e-17 1.115014e+00 7.556204e-01
1.040000e+00 -2.775558e-17 1.106834e+00 7.628476e-01
1.050000e+00 2.775558e-17 1.098982e+00 7.721001e-01
1.060000e+00 8.326673e-17 1.091508e+00 7.842516e-01
1.070000e+00 -5.551115e-17 1.084487e+00 8.005859e-01
1.080000e+00 1.665335e-16 1.078019e+00 8.229008e-01
1.090000e+00 -1.110223e-16 1.072254e+00 8.534610e-01
1.100000e+00 1.665335e-16 1.067413e+00 8.946368e-01
1.110000e+00 -1.942890e-16 1.063846e+00 9.483188e-01
1.120000e+00 -5.551115e-17 1.062126e+00 1.015596e+00
1.130000e+00 5.551115e-17 1.063240e+00 1.096988e+00
1.140000e+00 2.775558e-17 1.068964e+00 1.192918e+00
1.150000e+00 -5.551115e-17 1.082515e+00 1.304044e+00
1.160000e+00 0.000000e+00 1.109250e+00 1.431389e+00
1.170000e+00 5.551115e-17 1.155924e+00 1.576368e+00
1.180000e+00 -1.665335e-16 1.227210e+00 1.740780e+00
1.190000e+00 0.000000e+00 1.323646e+00 1.926815e+00
1.200000e+00 -5.551115e-17 1.444012e+00 2.137065e+00
1.210000e+00 0.000000e+00 1.587767e+00 2.374558e+00
1.220000e+00 -5.551115e-17 1.755617e+00 2.642806e+00
1.230000e+00 1.665335e-16 1.949351e+00 2.945864e+00
1.240000e+00 1.110223e-16 2.171661e+00 3.288413e+00
1.250000e+00 0.000000e+00 2.426063e+00 3.675851e+00
1.260000e+00 0.000000e+00 2.716917e+00 4.114418e+00
1.270000e+00 -1.110223e-16 3.049519e+00 4.611338e+00
1.280000e+00 -2.220446e-16 3.430264e+00 5.175000e+00
1.290000e+00 -5.551115e-17 3.866879e+00 5.815191e+00
1.300000e+00 2.220446e-16 4.368747e+00 6.543371e+00
1.310000e+00 -1.665335e-16 4.947350e+00 7.373054e+00
1.320000e+00 5.551115e-17 5.616866e+00 8.320272e+00
1.330000e+00 1.665335e-16 6.394996e+00 9.404216e+00
1.340000e+00 5.551115e-17 7.304093e+00 1.064808e+01
1.350000e+00 -1.665335e-16 8.372718e+00 1.208019e+01
1.360000e+00 -2.220446e-16 9.637804e+00 1.373562e+01
1.370000e+00 0.000000e+00 1.114765e+01 1.565840e+01
1.380000e+00 -1.110223e-16 1.296607e+01 1.790465e+01
1.390000e+00 5.551115e-17 1.517822e+01 2.054718e+01
1.400000e+00 1.665335e-16 1.789865e+01 2.368207e+01
1.410000e+00 -5.551115e-17 2.128275e+01 2.743860e+01
1.420000e+00 5.551115e-17 2.554325e+01 3.199420e+01
1.430000e+00 -1.110223e-16 3.097497e+01 3.759772e+01
1.440000e+00 -4.440892e-16 3.799418e+01 4.460735e+01
1.450000e+00 3.330669e-16 4.720686e+01 5.355692e+01
1.460000e+00 4.996004e-16 5.954066e+01 6.528588e+01
1.470000e+00 2.775558e-16 7.653659e+01 8.123644e+01
1.480000e+00 1.110223e-16 1.010966e+02 1.042619e+02
1.490000e+00 -6.661338e-16 1.397229e+02 1.412282e+02
1.500000e+00 5.551115e-17 2.104670e+02 2.127128e+02
1.510000e+00 -1.776357e-15 3.792295e+02 3.959349e+02
1.520000e+00 1.110223e-16 1.084613e+03 1.155030e+03
1.530000e+00 -6.844525e-14 4.902879e+04 6.875440e+04
1.540000e+00 1.083745e-05 1.080497e+13 7.914295e+12
1.550000e+00 1.490656e+10 2.928567e+28 2.910915e+28
1.560000e+00 -5.332262e+19 4.126884e+37 4.080635e+37
1.570000e+00 -1.791342e+36 5.989273e+54 5.949609e+54
1.580000e+00 -1.213161e+47 4.050713e+64 3.803679e+64
1.590000e+00 -2.964597e+61 5.563215e+79 5.309608e+79
1.600000e+00 1.766847e+72 2.103392e+91 2.154648e+91
1.610000e+00 4.856672e+83 2.044676e+102 2.084640e+102
1.620000e+00 1.435116e+96 2.250019e+114 2.015919e+114
1.630000e+00 1.027487e+109 1.383909e+127 1.383305e+127
1.640000e+00 -1.191382e+128 9.621910e+145 8.995237e+145
1.650000e+00 2.268336e+143 2.199462e+161 2.199631e+161
