1.515152e-02 -5.047128e-03 1.057965e-02
4.545455e-02 -9.343229e-03 1.967948e-02
7.575758e-02 -1.089058e-02 2.240292e-02
1.060606e-01 -1.152879e-02 2.270919e-02
1.363636e-01 -1.198260e-02 2.219340e-02
1.666667e-01 -1.247723e-02 2.134290e-02
1.969697e-01 -1.307429e-02 2.028938e-02
2.272727e-01 -1.379158e-02 1.907373e-02
2.575758e-01 -1.463701e-02 1.771656e-02
2.878788e-01 -1.561687e-02 1.623355e-02
3.181818e-01 -1.673743e-02 1.463794e-02
3.484848e-01 -1.800510e-02 1.294062e-02
3.787879e-01 -1.942626e-02 1.114997e-02
4.090909e-01 -2.100690e-02 9.271706e-03
4.393939e-01 -2.275212e-02 7.308930e-03
4.696970e-01 -2.466563e-02 5.262257e-03
5.000000e-01 -2.674895e-02 3.130080e-03
5.303030e-01 -2.900065e-02 9.089127e-04
5.606061e-01 -3.141546e-02 -1.406261e-03
5.909091e-01 -3.398331e-02 -3.817445e-03
6.212121e-01 -3.668850e-02 -6.326073e-03
6.515152e-01 -3.950920e-02 -8.930253e-03
6.818182e-01 -4.241715e-02 -1.162175e-02
7.121212e-01 -4.537771e-02 -1.438265e-02
7.424242e-01 -4.834874e-02 -1.718149e-02
7.727273e-01 -5.126952e-02 -1.996894e-02
8.030303e-01 -5.399757e-02 -2.267298e-02
8.333333e-01 -5.600322e-02 -2.519095e-02
8.636364e-01 -5.506067e-02 -2.736574e-02
8.939394e-01 -4.236157e-02 -2.889808e-02
9.242424e-01 1.229183e-02 -2.904796e-02
9.545455e-01 1.905742e-01 -2.579673e-02
9.848485e-01 6.302989e-01 -1.422389e-02
