1.612903e-02 -5.426301e-02 9.173174e-02
4.838710e-02 -1.333493e-01 1.937480e-01
8.064516e-02 -1.962180e-01 2.475325e-01
1.129032e-01 -2.507999e-01 2.807577e-01
1.451613e-01 -2.925756e-01 3.008387e-01
1.774194e-01 -3.137689e-01 3.064001e-01
2.096774e-01 -3.114706e-01 2.970380e-01
2.419355e-01 -2.902417e-01 2.754272e-01
2.741935e-01 -2.593352e-01 2.460694e-01
3.064516e-01 -2.266496e-01 2.133909e-01
3.387097e-01 -1.956928e-01 1.803899e-01
3.709677e-01 -1.668670e-01 1.483615e-01
4.032258e-01 -1.394045e-01 1.174326e-01
4.354839e-01 -1.124397e-01 8.724612e-02
4.677419e-01 -8.542609e-02 5.739863e-02
5.000000e-01 -5.812204e-02 2.759967e-02
5.322581e-01 -3.043601e-02 -2.331482e-03
5.645161e-01 -2.299322e-03 -3.251420e-02
5.967742e-01 2.639942e-02 -6.303613e-02
6.290323e-01 5.583705e-02 -9.394709e-02
6.612903e-01 8.625208e-02 -1.252337e-01
6.935484e-01 1.179098e-01 -1.568341e-01
7.258065e-01 1.509912e-01 -1.888333e-01
7.580645e-01 1.854055e-01 -2.220621e-01
7.903226e-01 2.204578e-01 -2.591300e-01
8.225806e-01 2.546714e-01 -3.046987e-01
8.548387e-01 2.855152e-01 -3.614772e-01
8.870968e-01 3.102141e-01 -4.186530e-01
9.193548e-01 3.288985e-01 -4.360840e-01
9.516129e-01 3.987995e-01 -3.374409e-01
9.838710e-01 6.980077e-01 -6.908701e-02
