2.500000e-02 -1.845834e-02 4.315981e-02
7.500000e-02 -4.875887e-02 1.026063e-01
1.250000e-01 -7.535059e-02 1.400183e-01
1.750000e-01 -1.001081e-01 1.605796e-01
2.250000e-01 -1.240278e-01 1.685689e-01
2.750000e-01 -1.472115e-01 1.668407e-01
3.250000e-01 -1.687846e-01 1.568532e-01
3.750000e-01 -1.868647e-01 1.390076e-01
4.250000e-01 -1.987098e-01 1.130879e-01
4.750000e-01 -2.011406e-01 7.869240e-02
5.250000e-01 -1.912397e-01 3.564485e-02
5.750000e-01 -1.671648e-01 -1.554967e-02
6.250000e-01 -1.287290e-01 -7.312353e-02
6.750000e-01 -7.728185e-02 -1.332847e-01
7.250000e-01 -1.441538e-02 -1.893333e-01
7.750000e-01 6.096188e-02 -2.310093e-01
8.250000e-01 1.574799e-01 -2.450490e-01
8.750000e-01 2.966143e-01 -2.188319e-01
9.250000e-01 5.111855e-01 -1.488680e-01
9.750000e-01 8.220040e-01 -5.001022e-02
