2.380952e-02 -4.079021e+101 1.013919e+101
7.142857e-02 9.507956e+100 1.173326e+101
1.190476e-01 4.129821e+101 -2.535258e+101
1.666667e-01 8.562327e+99 4.325389e+100
2.142857e-01 1.169450e+100 -1.277635e+100
2.619048e-01 -1.102186e+101 -8.494731e+99
3.095238e-01 1.701118e+101 -1.496165e+100
3.571429e-01 3.233977e+99 -3.120838e+100
4.047619e-01 -1.035604e+101 -6.370592e+99
4.523810e-01 -3.752567e+100 5.139537e+100
5.000000e-01 -4.643206e+100 -1.055550e+100
5.476190e-01 -8.303098e+100 1.947811e+100
5.952381e-01 4.954448e+100 9.104436e+99
6.428571e-01 -1.612944e+101 5.419888e+99
6.904762e-01 1.152118e+101 5.175904e+99
7.380952e-01 1.022915e+101 1.065336e+100
7.857143e-01 5.743782e+100 -1.640609e+100
8.333333e-01 4.036001e+99 1.217840e+99
8.809524e-01 -7.546508e+100 -4.634655e+99
9.285714e-01 3.334187e+100 -2.743640e+99
9.761905e-01 -3.809843e+100 -2.745988e+99
