6.172840e-03 -8.012119e-02 7.164041e-02
1.851852e-02 -1.907176e-01 1.716291e-01
3.086420e-02 -2.555196e-01 2.297560e-01
4.320988e-02 -2.978262e-01 2.659001e-01
5.555556e-02 -3.249092e-01 2.917596e-01
6.790123e-02 -3.364102e-01 3.094824e-01
8.024691e-02 -3.328611e-01 3.183222e-01
9.259259e-02 -3.177600e-01 3.181801e-01
1.049383e-01 -2.964567e-01 3.103664e-01
1.172840e-01 -2.740418e-01 2.972864e-01
1.296296e-01 -2.538531e-01 2.816846e-01
1.419753e-01 -2.372798e-01 2.658719e-01
1.543210e-01 -2.243016e-01 2.512838e-01
1.666667e-01 -2.141603e-01 2.384623e-01
1.790123e-01 -2.059371e-01 2.273296e-01
1.913580e-01 -1.988988e-01 2.175326e-01
2.037037e-01 -1.925660e-01 2.086860e-01
2.160494e-01 -1.866240e-01 2.004718e-01
2.283951e-01 -1.808512e-01 1.926464e-01
2.407407e-01 -1.751021e-01 1.850244e-01
2.530864e-01 -1.692904e-01 1.774671e-01
2.654321e-01 -1.633591e-01 1.698802e-01
2.777778e-01 -1.572668e-01 1.622112e-01
2.901235e-01 -1.509905e-01 1.544382e-01
3.024691e-01 -1.445246e-01 1.465549e-01
3.148148e-01 -1.378727e-01 1.385595e-01
3.271605e-01 -1.310408e-01 1.304509e-01
3.395062e-01 -1.240375e-01 1.222309e-01
3.518519e-01 -1.168731e-01 1.139069e-01
3.641975e-01 -1.095593e-01 1.054915e-01
3.765432e-01 -1.021080e-01 9.700076e-02
3.888889e-01 -9.453089e-02 8.845091e-02
4.012346e-01 -8.683962e-02 7.985679e-02
4.135802e-01 -7.904500e-02 7.123040e-02
4.259259e-01 -7.115832e-02 6.258011e-02
4.382716e-01 -6.319176e-02 5.391007e-02
4.506173e-01 -5.515684e-02 4.521976e-02
4.629630e-01 -4.706355e-02 3.650371e-02
4.753086e-01 -3.891890e-02 2.775142e-02
4.876543e-01 -3.072691e-02 1.894792e-02
5.000000e-01 -2.248982e-02 1.007620e-02
5.123457e-01 -1.421334e-02 1.122083e-03
5.246914e-01 -5.908867e-03 -8.021371e-03
5.370370e-01 2.512744e-03 -1.722413e-02
5.493827e-01 1.102875e-02 -2.643513e-02
5.617284e-01 1.952011e-02 -3.560530e-02
5.740741e-01 2.795040e-02 -4.469607e-02
5.864198e-01 3.631018e-02 -5.368496e-02
5.987654e-01 4.460881e-02 -6.256653e-02
6.111111e-01 5.286597e-02 -7.134807e-02
6.234568e-01 6.110532e-02 -8.004259e-02
6.358025e-01 6.935052e-02 -8.866174e-02
6.481481e-01 7.762251e-02 -9.721001e-02
6.604938e-01 8.593755e-02 -1.056815e-01
6.728395e-01 9.430601e-02 -1.140593e-01
6.851852e-01 1.027313e-01 -1.223178e-01
6.975309e-01 1.112089e-01 -1.304277e-01
7.098765e-01 1.197262e-01 -1.383624e-01
7.222222e-01 1.282627e-01 -1.461066e-01
7.345679e-01 1.367917e-01 -1.536656e-01
7.469136e-01 1.452848e-01 -1.610726e-01
7.592593e-01 1.537198e-01 -1.683943e-01
7.716049e-01 1.620930e-01 -1.757296e-01
7.839506e-01 1.704376e-01 -1.832042e-01
7.962963e-01 1.788444e-01 -1.909574e-01
8.086420e-01 1.874786e-01 -1.991237e-01
8.209877e-01 1.965852e-01 -2.078129e-01
8.333333e-01 2.064734e-01 -2.170924e-01
8.456790e-01 2.174727e-01 -2.269886e-01
8.580247e-01 2.298575e-01 -2.375396e-01
8.703704e-01 2.437471e-01 -2.489674e-01
8.827160e-01 2.589995e-01 -2.620643e-01
8.950617e-01 2.751266e-01 -2.788005e-01
9.074074e-01 2.912616e-01 -3.027357e-01
9.197531e-01 3.061991e-01 -3.379785e-01
9.320988e-01 3.185146e-01 -3.850973e-01
9.444444e-01 3.267735e-01 -4.340620e-01
9.567901e-01 3.306180e-01 -4.572461e-01
9.691358e-01 3.422547e-01 -4.087948e-01
9.814815e-01 4.325565e-01 -2.479226e-01
9.938272e-01 7.362267e-01 -3.945599e-02
