6.172840e-03 -2.171283e-03 5.130214e-03
1.851852e-02 -4.168848e-03 9.867008e-03
3.086420e-02 -4.924388e-03 1.161341e-02
4.320988e-02 -5.179584e-03 1.212363e-02
5.555556e-02 -5.271956e-03 1.220205e-02
6.790123e-02 -5.322624e-03 1.213763e-02
8.024691e-02 -5.368468e-03 1.201845e-02
9.259259e-02 -5.419464e-03 1.186864e-02
1.049383e-01 -5.478110e-03 1.169471e-02
1.172840e-01 -5.545035e-03 1.149887e-02
1.296296e-01 -5.620447e-03 1.128241e-02
1.419753e-01 -5.704469e-03 1.104645e-02
1.543210e-01 -5.797216e-03 1.079213e-02
1.666667e-01 -5.898809e-03 1.052062e-02
1.790123e-01 -6.009381e-03 1.023312e-02
1.913580e-01 -6.129072e-03 9.930801e-03
2.037037e-01 -6.258034e-03 9.614863e-03
2.160494e-01 -6.396429e-03 9.286466e-03
2.283951e-01 -6.544426e-03 8.946747e-03
2.407407e-01 -6.702205e-03 8.596800e-03
2.530864e-01 -6.869955e-03 8.237669e-03
2.654321e-01 -7.047871e-03 7.870346e-03
2.777778e-01 -7.236159e-03 7.495759e-03
2.901235e-01 -7.435029e-03 7.114772e-03
3.024691e-01 -7.644698e-03 6.728184e-03
3.148148e-01 -7.865390e-03 6.336722e-03
3.271605e-01 -8.097330e-03 5.941045e-03
3.395062e-01 -8.340750e-03 5.541744e-03
3.518519e-01 -8.595880e-03 5.139342e-03
3.641975e-01 -8.862955e-03 4.734297e-03
3.765432e-01 -9.142205e-03 4.327005e-03
3.888889e-01 -9.433858e-03 3.917805e-03
4.012346e-01 -9.738138e-03 3.506979e-03
4.135802e-01 -1.005526e-02 3.094760e-03
4.259259e-01 -1.038543e-02 2.681334e-03
4.382716e-01 -1.072884e-02 2.266847e-03
4.506173e-01 -1.108566e-02 1.851408e-03
4.629630e-01 -1.145606e-02 1.435096e-03
4.753086e-01 -1.184015e-02 1.017966e-03
4.876543e-01 -1.223805e-02 6.000494e-04
5.000000e-01 -1.264983e-02 1.813660e-04
5.123457e-01 -1.307551e-02 -2.380781e-04
5.246914e-01 -1.351508e-02 -6.582740e-04
5.370370e-01 -1.396849e-02 -1.079204e-03
5.493827e-01 -1.443560e-02 -1.500846e-03
5.617284e-01 -1.491624e-02 -1.923164e-03
5.740741e-01 -1.541015e-02 -2.346100e-03
5.864198e-01 -1.591699e-02 -2.769567e-03
5.987654e-01 -1.643636e-02 -3.193446e-03
6.111111e-01 -1.696772e-02 -3.617574e-03
6.234568e-01 -1.751047e-02 -4.041744e-03
6.358025e-01 -1.806386e-02 -4.465693e-03
6.481481e-01 -1.862706e-02 -4.889099e-03
6.604938e-01 -1.919907e-02 -5.311573e-03
6.728395e-01 -1.977879e-02 -5.732654e-03
6.851852e-01 -2.036495e-02 -6.151804e-03
6.975309e-01 -2.095614e-02 -6.568402e-03
7.098765e-01 -2.155081e-02 -6.981742e-03
7.222222e-01 -2.214723e-02 -7.391025e-03
7.345679e-01 -2.274353e-02 -7.795363e-03
7.469136e-01 -2.333766e-02 -8.193774e-03
7.592593e-01 -2.392745e-02 -8.585182e-03
7.716049e-01 -2.451055e-02 -8.968423e-03
7.839506e-01 -2.508448e-02 -9.342248e-03
7.962963e-01 -2.564663e-02 -9.705327e-03
8.086420e-01 -2.619430e-02 -1.005626e-02
8.209877e-01 -2.672467e-02 -1.039359e-02
8.333333e-01 -2.723486e-02 -1.071581e-02
8.456790e-01 -2.772194e-02 -1.102139e-02
8.580247e-01 -2.818288e-02 -1.130878e-02
8.703704e-01 -2.861427e-02 -1.157645e-02
8.827160e-01 -2.901062e-02 -1.182287e-02
8.950617e-01 -2.935604e-02 -1.204654e-02
9.074074e-01 -2.958633e-02 -1.224578e-02
9.197531e-01 -2.942806e-02 -1.241789e-02
9.320988e-01 -2.777668e-02 -1.255561e-02
9.444444e-01 -2.056755e-02 -1.263320e-02
9.567901e-01 5.363644e-03 -1.255899e-02
9.691358e-01 8.571236e-02 -1.203551e-02
9.814815e-01 2.932430e-01 -1.023727e-02
9.938272e-01 7.108298e-01 -5.349268e-03
