5.000000e-01 1.110223e-16 5.719986e+00 2.456482e+00
1.000000e+00 -1.665335e-16 1.504449e+00 1.041766e+00
1.500000e+00 3.330669e-16 8.078822e-01 6.529657e-01
2.000000e+00 5.551115e-17 5.176555e-01 4.568558e-01
2.500000e+00 -1.665335e-16 3.669241e-01 3.356853e-01
3.000000e+00 -1.110223e-16 2.773690e-01 2.536891e-01
3.500000e+00 -5.551115e-17 2.182233e-01 1.962133e-01
4.000000e+00 -2.220446e-16 1.756527e-01 1.550093e-01
4.500000e+00 6.661338e-16 1.431167e-01 1.246318e-01
5.000000e+00 -5.551115e-16 1.173252e-01 1.014768e-01
5.500000e+00 -5.551115e-16 9.644644e-02 8.326769e-02
6.000000e+00 -5.551115e-17 7.935690e-02 6.860509e-02
6.500000e+00 1.665335e-16 6.529140e-02 5.661549e-02
7.000000e+00 1.110223e-16 5.368851e-02 4.672690e-02
7.500000e+00 -1.665335e-16 4.411309e-02 3.853813e-02
8.000000e+00 -1.110223e-16 3.621473e-02 3.174928e-02
8.500000e+00 -5.551115e-17 2.970615e-02 2.612413e-02
9.000000e+00 -4.996004e-16 2.434917e-02 2.146980e-02
9.500000e+00 2.220446e-16 1.994531e-02 1.762541e-02
1.000000e+01 3.885781e-16 1.632899e-02 1.445561e-02
1.050000e+01 -1.110223e-16 1.336232e-02 1.184634e-02
1.100000e+01 5.551115e-17 1.093062e-02 9.701631e-03
1.150000e+01 1.110223e-16 8.938823e-03 7.940958e-03
1.200000e+01 2.220446e-16 7.308289e-03 6.497053e-03
1.250000e+01 0.000000e+00 5.974113e-03 5.313926e-03
1.300000e+01 -1.665335e-16 4.882833e-03 4.345131e-03
1.350000e+01 -5.551115e-17 3.990486e-03 3.552262e-03
1.400000e+01 5.551115e-17 3.260973e-03 2.903640e-03
1.450000e+01 -1.665335e-16 2.664681e-03 2.373191e-03
1.500000e+01 -2.220446e-16 2.177344e-03 1.939489e-03
1.550000e+01 -1.665335e-16 1.779093e-03 1.584953e-03
1.600000e+01 4.440892e-16 1.453663e-03 1.295171e-03
1.650000e+01 0.000000e+00 1.187751e-03 1.058340e-03
1.700000e+01 2.220446e-16 9.704789e-04 8.647984e-04
1.750000e+01 -3.885781e-16 7.929525e-04 7.066413e-04
1.800000e+01 -1.665335e-16 6.479026e-04 5.774040e-04
1.850000e+01 -5.551115e-17 5.293882e-04 4.718010e-04
1.900000e+01 3.330669e-16 4.325547e-04 3.855113e-04
1.950000e+01 1.110223e-16 3.534357e-04 3.150036e-04
2.000000e+01 -5.551115e-17 2.887900e-04 2.573916e-04
2.050000e+01 3.330669e-16 2.359696e-04 2.103168e-04
2.100000e+01 5.551115e-17 1.928112e-04 1.718519e-04
2.150000e+01 5.551115e-17 1.575470e-04 1.404222e-04
2.200000e+01 -2.220446e-16 1.287330e-04 1.147409e-04
2.250000e+01 -1.110223e-16 1.051892e-04 9.375649e-05
2.300000e+01 -1.665335e-16 8.595150e-05 7.660998e-05
2.350000e+01 1.665335e-16 7.023230e-05 6.259938e-05
2.400000e+01 -1.110223e-16 5.738801e-05 5.115114e-05
2.450000e+01 0.000000e+00 4.689281e-05 4.179662e-05
2.500000e+01 -5.551115e-17 3.831703e-05 3.415288e-05
2.550000e+01 1.110223e-16 3.130963e-05 2.790705e-05
2.600000e+01 6.106227e-16 2.558376e-05 2.280346e-05
2.650000e+01 -1.665335e-16 2.090505e-05 1.863322e-05
2.700000e+01 2.220446e-16 1.708198e-05 1.522563e-05
2.750000e+01 1.665335e-16 1.395807e-05 1.244121e-05
2.800000e+01 -1.110223e-16 1.140546e-05 1.016600e-05
2.850000e+01 -2.775558e-16 9.319663e-06 8.306875e-06
2.900000e+01 1.110223e-16 7.615312e-06 6.787742e-06
2.950000e+01 1.665335e-16 6.222648e-06 5.546423e-06
3.000000e+01 -1.110223e-16 5.084670e-06 4.532112e-06
3.050000e+01 -5.551115e-17 4.154803e-06 3.703295e-06
3.100000e+01 3.330669e-16 3.394986e-06 3.026049e-06
3.150000e+01 -2.775558e-16 2.774122e-06 2.472656e-06
3.200000e+01 5.551115e-17 2.266800e-06 2.020465e-06
3.250000e+01 -1.110223e-16 1.852255e-06 1.650969e-06
3.300000e+01 2.775558e-16 1.513521e-06 1.349045e-06
3.350000e+01 -3.330669e-16 1.236733e-06 1.102336e-06
3.400000e+01 3.885781e-16 1.010563e-06 9.007447e-07
3.450000e+01 -2.220446e-16 8.257546e-07 7.360194e-07
3.500000e+01 -1.110223e-16 6.747432e-07 6.014186e-07
3.550000e+01 1.110223e-16 5.513483e-07 4.914330e-07
3.600000e+01 -1.110223e-16 4.505195e-07 4.015614e-07
3.650000e+01 5.551115e-17 3.681299e-07 3.281251e-07
3.700000e+01 2.775558e-16 3.008074e-07 2.681186e-07
3.750000e+01 3.885781e-16 2.457967e-07 2.190859e-07
3.800000e+01 -2.220446e-16 2.008462e-07 1.790201e-07
3.850000e+01 2.775558e-16 1.641160e-07 1.462815e-07
3.900000e+01 -2.775558e-16 1.341030e-07 1.195300e-07
3.950000e+01 1.665335e-16 1.095786e-07 9.767068e-08
4.000000e+01 -1.110223e-16 8.953921e-08 7.980899e-08
