2.500000e-02 -1.845836e-02 4.315986e-02
7.500000e-02 -4.875893e-02 1.026065e-01
1.250000e-01 -7.535068e-02 1.400185e-01
1.750000e-01 -1.001082e-01 1.605798e-01
2.250000e-01 -1.240279e-01 1.685691e-01
2.750000e-01 -1.472117e-01 1.668408e-01
3.250000e-01 -1.687848e-01 1.568534e-01
3.750000e-01 -1.868648e-01 1.390077e-01
4.250000e-01 -1.987099e-01 1.130880e-01
4.750000e-01 -2.011407e-01 7.869242e-02
5.250000e-01 -1.912397e-01 3.564483e-02
5.750000e-01 -1.671647e-01 -1.554973e-02
6.250000e-01 -1.287289e-01 -7.312363e-02
6.750000e-01 -7.728168e-02 -1.332849e-01
7.250000e-01 -1.441520e-02 -1.893335e-01
7.750000e-01 6.096206e-02 -2.310095e-01
8.250000e-01 1.574801e-01 -2.450492e-01
8.750000e-01 2.966144e-01 -2.188321e-01
9.250000e-01 5.111855e-01 -1.488681e-01
9.750000e-01 8.220040e-01 -5.001025e-02
